   50.000000000000000        49.172866168047030     
   100.00000000000000        99.172866168047037     
   150.00000000000000        149.17286616804702     
   200.00000000000000        199.17286616804702     
   250.00000000000000        215.26037905797526     
   300.00000000000000        93.216542011757497     
   350.00000000000000        143.21654201175750     
   400.00000000000000        193.21654201175750     
   450.00000000000000        243.21654201175750     
   500.00000000000000        293.21654201175750     
   550.00000000000000        343.21654201175750     
   600.00000000000000        393.21654201175750     
   650.00000000000000        443.21654201175750     
   700.00000000000000        493.21654201175750     
   750.00000000000000        543.21654201175750     
   800.00000000000000        593.21654201175750     
   850.00000000000000        643.21654201175750     
   900.00000000000000        693.21654201175750     
   950.00000000000000        743.21654201175750     
   1000.0000000000000        793.21654201175750     
