   0.0000000000000000        0.0000000000000000     
  0.24999998721023101        0.0000000000000000     
  0.49999997442046201        0.0000000000000000     
  0.74999996163069305        0.0000000000000000     
  0.99999994884092402        0.0000000000000000     
   1.2499999360511553        0.0000000000000000     
   1.4999999232613861        0.0000000000000000     
   1.7499999104716171        4.0000000000000001E-002
   1.9999998976818480       0.56000000000000005     
   2.2499998848920795        1.3200000000000001     
   2.4999998721023107        2.2799999999999998     
   2.7499998593125410        3.6000000000000001     
   2.9999998465227722        5.6200000000000001     
   3.2499998337330034        8.1999999999999993     
   3.4999998209432341        11.180000000000000     
   3.7499998081534653        14.850000000000000     
   3.9999997953636961        18.989999999999998     
   4.2499997825739273        23.829999999999998     
   4.4999997697841589        28.949999999999999     
   4.7499997569943897        34.450000000000003     
