   0.0000000000000000        0.0000000000000000     
   3.9999997953636970E-002   0.0000000000000000     
   7.9999995907273941E-002   0.0000000000000000     
  0.11999999386091091        0.0000000000000000     
  0.15999999181454788        0.0000000000000000     
  0.19999998976818487        0.0000000000000000     
  0.23999998772182182        0.0000000000000000     
  0.27999998567545875        0.0000000000000000     
  0.31999998362909576       0.22000000000000000     
  0.35999998158273272        1.0200000000000000     
