  -269.95629789139417        268.41549785717802       -1.0000000000000000     
  -193.39883985644300        1715.7794462480151        1.0000000000000000     
  -269.97864164679828        2417.5858618921206       -1.0000000000000000     
   1880.7299044949702        1343.1789690166468        1.0000000000000000     
  -702.62653328226759        1868.6689551167158        1.0000000000000000     
  -269.84860410572486       -269.03982415564866       -1.0000000000000000     
   268.64509688641442       -806.90828177179935        1.0000000000000000     
  -1344.4373348063750        1880.3989069691149       -1.0000000000000000     
   268.46852049327146       -1344.3926312795975        1.0000000000000000     
  -806.25367528899210        1343.6105632958161       -1.0000000000000000     
   246.82413353534142       -2192.3888189715949       -1.0000000000000000     
  -223.96739747967172        948.21108562856205       -1.0000000000000000     
   1343.2655432463796        805.11919262961783        1.0000000000000000     
   1880.2419974378024       -2419.3305986547052        1.0000000000000000     
   253.43015092732236        603.50774681431687        1.0000000000000000     
   268.47125504441078        1343.2209237360337        1.0000000000000000     
  -269.91966205198463       -1881.5335615303607       -1.0000000000000000     
  -807.11473137899668        2418.3943152613242       -1.0000000000000000     
  -1881.2764623303674        1342.7829679752983       -1.0000000000000000     
   805.16630686232645       -1344.7781481204859        1.0000000000000000     
  -806.80217803222320       -1881.6188384194204       -1.0000000000000000     
  -1881.8708415269209        268.18079636606865       -1.0000000000000000     
   784.14502850193560       -562.68953146095339        1.0000000000000000     
   238.32271337367916        2093.2441110047721        1.0000000000000000     
   805.82243940140734        268.28857857995240        1.0000000000000000     
  -806.57187240939470       -1344.1819659104178       -1.0000000000000000     
   677.86506601218855        994.30135445523888        1.0000000000000000     
  -1343.8452145523058        2417.8362284892760       -1.0000000000000000     
   805.95624681016739        1880.7522250642969        1.0000000000000000     
  -1343.7693052304883       -1882.1062582226170       -1.0000000000000000     
  -1344.1859898146074       -1344.0595396607498       -1.0000000000000000     
   1343.4209221557280       -1344.4263357524480        1.0000000000000000     
  -806.72457070813630        805.63292163205097       -1.0000000000000000     
  -226.36013746022778       -1064.3831048936438       -1.0000000000000000     
   292.14569850570894       -157.29087983485164        1.0000000000000000     
   1310.0872393110199        1951.6584677100707        1.0000000000000000     
  -1344.9064295246039       -807.37194300036538       -1.0000000000000000     
   1110.7710048054253        1307.5464088815090        1.0000000000000000     
  -1881.5081781644833       -1882.1309859380699       -1.0000000000000000     
   1342.9784134401241       -806.45448209785559        1.0000000000000000     
  -1343.9598963987391        268.55555568315384       -1.0000000000000000     
   1343.0512524535670       -269.53709824891621        1.0000000000000000     
  -807.34434823844629        268.49479662921374       -1.0000000000000000     
  -1882.0965198584245       -2418.9588749141649       -1.0000000000000000     
   1880.0601847392609        805.90716058348835        1.0000000000000000     
   715.25628935635723       -1898.8676435035611        1.0000000000000000     
  -1781.2303650751439       -1360.5549401901653       -1.0000000000000000     
   1880.4167192286316        1880.3698351778337        1.0000000000000000     
   1342.7908410081047        267.89348459914777        1.0000000000000000     
   1880.3622708906187       -1882.4732794451661        1.0000000000000000     
  -1344.1516118345946        1342.5259762725543       -1.0000000000000000     
  -1881.6387542789300       -806.98673101038457       -1.0000000000000000     
  -1742.6505018444136        2015.9428162253289       -1.0000000000000000     
   805.22719997939248       -2419.8053939687693        1.0000000000000000     
   1781.4396263135548       -892.73541052131009        1.0000000000000000     
   1342.8403836104906       -1881.6673329568357        1.0000000000000000     
  -806.95180142502488       -806.80800569584198       -1.0000000000000000     
   1777.9819084775950        176.90744538122945        1.0000000000000000     
   1342.6852214010826       -2418.8738829132326        1.0000000000000000     
  -1343.8568493634466        805.89063965984678       -1.0000000000000000     
  -806.55318740108009       -268.82664197472025       -1.0000000000000000     
  -1344.3071454967098       -269.58683157513559       -1.0000000000000000     
   1800.8813549392730       -1414.3198890308752        1.0000000000000000     
   1799.8690002527012       -391.73404563419223        1.0000000000000000     
  -1813.5282930402298        802.60169953615991       -1.0000000000000000     
  -1798.7810276560672       -233.76428503104299       -1.0000000000000000     
