100
-2418.999981914375 -2418.999981914375
-2418.999981914375 -1881.4444303778473
-2418.999981914375 -1343.8888788413194
-2418.999981914375 -806.3333273047915
-2418.999981914375 -268.77777576826384
-2418.999981914375 268.77777576826384
-2418.999981914375 806.333327304792
-2418.999981914375 1343.8888788413196
-2418.999981914375 1881.4444303778473
-2418.999981914375 2418.999981914375
-1881.4444303778473 -2418.999981914375
-1881.4444303778473 -1881.4444303778473
-1881.4444303778473 -1343.8888788413194
-1881.4444303778473 -806.3333273047915
-1881.4444303778473 -268.77777576826384
-1881.4444303778473 268.77777576826384
-1881.4444303778473 806.333327304792
-1881.4444303778473 1343.8888788413196
-1881.4444303778473 1881.4444303778473
-1881.4444303778473 2418.999981914375
-1343.8888788413194 -2418.999981914375
-1343.8888788413194 -1881.4444303778473
-1343.8888788413194 -1343.8888788413194
-1343.8888788413194 -806.3333273047915
-1343.8888788413194 -268.77777576826384
-1343.8888788413194 268.77777576826384
-1343.8888788413194 806.333327304792
-1343.8888788413194 1343.8888788413196
-1343.8888788413194 1881.4444303778473
-1343.8888788413194 2418.999981914375
-806.3333273047915 -2418.999981914375
-806.3333273047915 -1881.4444303778473
-806.3333273047915 -1343.8888788413194
-806.3333273047915 -806.3333273047915
-806.3333273047915 -268.77777576826384
-806.3333273047915 268.77777576826384
-806.3333273047915 806.333327304792
-806.3333273047915 1343.8888788413196
-806.3333273047915 1881.4444303778473
-806.3333273047915 2418.999981914375
-268.77777576826384 -2418.999981914375
-268.77777576826384 -1881.4444303778473
-268.77777576826384 -1343.8888788413194
-268.77777576826384 -806.3333273047915
-268.77777576826384 -268.77777576826384
-268.77777576826384 268.77777576826384
-268.77777576826384 806.333327304792
-268.77777576826384 1343.8888788413196
-268.77777576826384 1881.4444303778473
-268.77777576826384 2418.999981914375
268.77777576826384 -2418.999981914375
268.77777576826384 -1881.4444303778473
268.77777576826384 -1343.8888788413194
268.77777576826384 -806.3333273047915
268.77777576826384 -268.77777576826384
268.77777576826384 268.77777576826384
268.77777576826384 806.333327304792
268.77777576826384 1343.8888788413196
268.77777576826384 1881.4444303778473
268.77777576826384 2418.999981914375
806.333327304792 -2418.999981914375
806.333327304792 -1881.4444303778473
806.333327304792 -1343.8888788413194
806.333327304792 -806.3333273047915
806.333327304792 -268.77777576826384
806.333327304792 268.77777576826384
806.333327304792 806.333327304792
806.333327304792 1343.8888788413196
806.333327304792 1881.4444303778473
806.333327304792 2418.999981914375
1343.8888788413196 -2418.999981914375
1343.8888788413196 -1881.4444303778473
1343.8888788413196 -1343.8888788413194
1343.8888788413196 -806.3333273047915
1343.8888788413196 -268.77777576826384
1343.8888788413196 268.77777576826384
1343.8888788413196 806.333327304792
1343.8888788413196 1343.8888788413196
1343.8888788413196 1881.4444303778473
1343.8888788413196 2418.999981914375
1881.4444303778473 -2418.999981914375
1881.4444303778473 -1881.4444303778473
1881.4444303778473 -1343.8888788413194
1881.4444303778473 -806.3333273047915
1881.4444303778473 -268.77777576826384
1881.4444303778473 268.77777576826384
1881.4444303778473 806.333327304792
1881.4444303778473 1343.8888788413196
1881.4444303778473 1881.4444303778473
1881.4444303778473 2418.999981914375
2418.999981914375 -2418.999981914375
2418.999981914375 -1881.4444303778473
2418.999981914375 -1343.8888788413194
2418.999981914375 -806.3333273047915
2418.999981914375 -268.77777576826384
2418.999981914375 268.77777576826384
2418.999981914375 806.333327304792
2418.999981914375 1343.8888788413196
2418.999981914375 1881.4444303778473
2418.999981914375 2418.999981914375
