100
-918.9963359291651 -918.9963359291651
-918.9963359291651 -714.7749279449062
-918.9963359291651 -510.55351996064724
-918.9963359291651 -306.3321119763883
-918.9963359291651 -102.1107039921294
-918.9963359291651 102.11070399212952
-918.9963359291651 306.33211197638843
-918.9963359291651 510.55351996064746
-918.9963359291651 714.7749279449063
-918.9963359291651 918.9963359291651
-714.7749279449062 -918.9963359291651
-714.7749279449062 -714.7749279449062
-714.7749279449062 -510.55351996064724
-714.7749279449062 -306.3321119763883
-714.7749279449062 -102.1107039921294
-714.7749279449062 102.11070399212952
-714.7749279449062 306.33211197638843
-714.7749279449062 510.55351996064746
-714.7749279449062 714.7749279449063
-714.7749279449062 918.9963359291651
-510.55351996064724 -918.9963359291651
-510.55351996064724 -714.7749279449062
-510.55351996064724 -510.55351996064724
-510.55351996064724 -306.3321119763883
-510.55351996064724 -102.1107039921294
-510.55351996064724 102.11070399212952
-510.55351996064724 306.33211197638843
-510.55351996064724 510.55351996064746
-510.55351996064724 714.7749279449063
-510.55351996064724 918.9963359291651
-306.3321119763883 -918.9963359291651
-306.3321119763883 -714.7749279449062
-306.3321119763883 -510.55351996064724
-306.3321119763883 -306.3321119763883
-306.3321119763883 -102.1107039921294
-306.3321119763883 102.11070399212952
-306.3321119763883 306.33211197638843
-306.3321119763883 510.55351996064746
-306.3321119763883 714.7749279449063
-306.3321119763883 918.9963359291651
-102.1107039921294 -918.9963359291651
-102.1107039921294 -714.7749279449062
-102.1107039921294 -510.55351996064724
-102.1107039921294 -306.3321119763883
-102.1107039921294 -102.1107039921294
-102.1107039921294 102.11070399212952
-102.1107039921294 306.33211197638843
-102.1107039921294 510.55351996064746
-102.1107039921294 714.7749279449063
-102.1107039921294 918.9963359291651
102.11070399212952 -918.9963359291651
102.11070399212952 -714.7749279449062
102.11070399212952 -510.55351996064724
102.11070399212952 -306.3321119763883
102.11070399212952 -102.1107039921294
102.11070399212952 102.11070399212952
102.11070399212952 306.33211197638843
102.11070399212952 510.55351996064746
102.11070399212952 714.7749279449063
102.11070399212952 918.9963359291651
306.33211197638843 -918.9963359291651
306.33211197638843 -714.7749279449062
306.33211197638843 -510.55351996064724
306.33211197638843 -306.3321119763883
306.33211197638843 -102.1107039921294
306.33211197638843 102.11070399212952
306.33211197638843 306.33211197638843
306.33211197638843 510.55351996064746
306.33211197638843 714.7749279449063
306.33211197638843 918.9963359291651
510.55351996064746 -918.9963359291651
510.55351996064746 -714.7749279449062
510.55351996064746 -510.55351996064724
510.55351996064746 -306.3321119763883
510.55351996064746 -102.1107039921294
510.55351996064746 102.11070399212952
510.55351996064746 306.33211197638843
510.55351996064746 510.55351996064746
510.55351996064746 714.7749279449063
510.55351996064746 918.9963359291651
714.7749279449063 -918.9963359291651
714.7749279449063 -714.7749279449062
714.7749279449063 -510.55351996064724
714.7749279449063 -306.3321119763883
714.7749279449063 -102.1107039921294
714.7749279449063 102.11070399212952
714.7749279449063 306.33211197638843
714.7749279449063 510.55351996064746
714.7749279449063 714.7749279449063
714.7749279449063 918.9963359291651
918.9963359291651 -918.9963359291651
918.9963359291651 -714.7749279449062
918.9963359291651 -510.55351996064724
918.9963359291651 -306.3321119763883
918.9963359291651 -102.1107039921294
918.9963359291651 102.11070399212952
918.9963359291651 306.33211197638843
918.9963359291651 510.55351996064746
918.9963359291651 714.7749279449063
918.9963359291651 918.9963359291651
