           1   3.6649777724733044     
           2   3.5783608528070889     
           3   3.4596590065936006     
           4   3.3161003569826883     
           5   3.2038175955673198     
           6   3.1372723939973857     
           7   3.0830865537042556     
           8   3.0071807806731150     
           9   2.9470576056956141     
          10   2.8747185869718943     
          11   2.8252243055423323     
          12   2.7643468328414431     
          13   2.7086163888655777     
          14   2.6644545274078246     
          15   2.6278115081961166     
          16   2.5936481419052142     
          17   2.5650573715912568     
          18   2.5334928844604812     
          19   2.4949686790238208     
          20   2.4514013144495368     
          21   2.4104916709728119     
          22   2.3650355697477461     
          23   2.3245810321987959     
          24   2.2771934603189332     
          25   2.2457522862287647     
          26   2.2127565161626510     
          27   2.1889637630572154     
          28   2.1480585516851289     
          29   2.1199244562837802     
          30   2.1027969201382173     
          31   2.0777329240728672     
          32   2.0617132249635532     
          33   2.0409095322494553     
          34   2.0265147586265320     
          35   2.0025925709231567     
          36   1.9807359862490084     
          37   1.9561507924119241     
          38   1.9434520413082188     
          39   1.9243281718791463     
          40   1.9071049903304826     
          41   1.8836865080148588     
          42   1.8604404046161034     
          43   1.8391581318815533     
          44   1.8210750467101671     
          45   1.8026073449094324     
          46   1.7888040397697904     
          47   1.7756485743031680     
          48   1.7662996974164031     
          49   1.7483575163151881     
          50   1.7348881228812352     
          51   1.7227571250537153     
          52   1.7071392026374872     
          53   1.6931747213589274     
          54   1.6774407658546999     
          55   1.6700798430697734     
          56   1.6482352054341336     
          57   1.6343967251693792     
          58   1.6220377809693425     
          59   1.6074204758506285     
          60   1.6004648011657383     
          61   1.5865394869408531     
          62   1.5762707087883780     
          63   1.5658042953530236     
          64   1.5563627191067266     
          65   1.5430716339332506     
          66   1.5319531034050589     
          67   1.5230452609753415     
          68   1.5186076519305587     
          69   1.4999395965036626     
          70   1.4939458267459640     
          71   1.4846539497261371     
          72   1.4762953994623600     
          73   1.4687126388548111     
          74   1.4605076926862064     
          75   1.4536114698124549     
          76   1.4454325922143070     
          77   1.4377031930211481     
          78   1.4300922112194365     
          79   1.4246681330303792     
          80   1.4146842048082053     
          81   1.4106413376170464     
          82   1.4053724121717948     
          83   1.3969922387891687     
          84   1.3893633218679158     
          85   1.3837625892156076     
          86   1.3783924374343184     
          87   1.3752182662730092     
          88   1.3694268140601384     
          89   1.3654018683117122     
          90   1.3609008993492451     
          91   1.3574291097774773     
          92   1.3534124870729412     
          93   1.3486779250411642     
          94   1.3453165395374260     
          95   1.3400272984269934     
          96   1.3324146347704675     
          97   1.3304071904127130     
          98   1.3260532758137755     
          99   1.3227838760492099     
         100   1.3167515703106261     
         101   1.3114824067903514     
         102   1.3089126352853264     
         103   1.3056135996787042     
         104   1.3030719910770201     
         105   1.2990992014963920     
         106   1.2953043720346067     
         107   1.2929620004105344     
         108   1.2888438784559944     
         109   1.2841523462421061     
         110   1.2813533107480783     
         111   1.2797514459625792     
         112   1.2761966203754596     
         113   1.2739199312121534     
         114   1.2689435315867348     
         115   1.2639086037285694     
         116   1.2611410162641754     
         117   1.2557755219878679     
         118   1.2534316020802578     
         119   1.2507608739868978     
         120   1.2477738521061628     
         121   1.2456631453327407     
         122   1.2437705776225747     
         123   1.2407048037886657     
         124   1.2376014175161849     
         125   1.2378982360473316     
         126   1.2364277058698456     
         127   1.2336455475395878     
         128   1.2308996750319221     
         129   1.2289864739389356     
         130   1.2262267083814720     
         131   1.2249148027469388     
         132   1.2230327144252384     
         133   1.2219573868775921     
         134   1.2197224676539897     
         135   1.2177587451451390     
         136   1.2155452465663634     
         137   1.2151940676743795     
         138   1.2137373760582053     
         139   1.2106542454678515     
         140   1.2094054503391078     
         141   1.2068968301930214     
         142   1.2047667782736817     
         143   1.2040971066859545     
         144   1.2031833659725168     
         145   1.2032408118902909     
         146   1.2010749049603120     
         147   1.1996229471765956     
         148   1.1979858089700695     
         149   1.1950606845426479     
         150   1.1920438245416938     
         151   1.1901476009860379     
         152   1.1896695871710583     
         153   1.1891729252074381     
         154   1.1862899883235145     
         155   1.1852283742911129     
         156   1.1848191701713966     
         157   1.1842237231128863     
         158   1.1830440303878764     
         159   1.1822265534744596     
         160   1.1806817710591810     
         161   1.1799037358098070     
         162   1.1794815197614477     
         163   1.1796069196264438     
         164   1.1771114908948888     
         165   1.1764766789078096     
         166   1.1760306426750136     
         167   1.1767797681152743     
         168   1.1744448694730492     
         169   1.1734800540407635     
         170   1.1729133336977318     
