   50.000000000000000        49.172866168047030     
   100.00000000000000        99.172866168047037     
   150.00000000000000        149.17286616804702     
   200.00000000000000        199.17286616804702     
   250.00000000000000        249.17286616804702     
   300.00000000000000        207.36101082126737     
   350.00000000000000        195.32597342479460     
   400.00000000000000        194.04367584371047     
   450.00000000000000        192.76137826262635     
   500.00000000000000        192.30621451349515     
   550.00000000000000        190.19678310045805     
   600.00000000000000        188.91448551937390     
   650.00000000000000        190.11358943414865     
   700.00000000000000        187.17702418915860     
   750.00000000000000        189.20326193588630     
   800.00000000000000        186.26669669089620     
   850.00000000000000        186.63866677371800     
   900.00000000000000        184.52923536068090     
   950.00000000000000        186.55547310740872     
   1000.0000000000000        186.92744319023052     
