   50.000000000000000        49.172866168047030     
   100.00000000000000        99.172866168047037     
   150.00000000000000        149.17286616804702     
   200.00000000000000        199.17286616804702     
   250.00000000000000        189.61923026743318     
   300.00000000000000        174.27565754314855     
   350.00000000000000        168.85769080229957     
   400.00000000000000        168.40252705316840     
   450.00000000000000        164.63882797622534     
   500.00000000000000        165.01079805904715     
   550.00000000000000        161.24709898210409     
   600.00000000000000        162.44620289687884     
   650.00000000000000        162.81817297970065     
   700.00000000000000        160.70874156666355     
   750.00000000000000        161.90784548143836     
   800.00000000000000        158.14414640449525     
   850.00000000000000        160.99751798317595     
   900.00000000000000        159.71522040209186     
   950.00000000000000        160.08719048491366     
   1000.0000000000000        157.97775907187656     
