   50.000000000000000        49.172866168047030     
   100.00000000000000        99.172866168047037     
   150.00000000000000        149.17286616804702     
   200.00000000000000        199.17286616804702     
   250.00000000000000        249.17286616804702     
   300.00000000000000        206.53387698931439     
   350.00000000000000        195.32597342479460     
   400.00000000000000        194.04367584371047     
   450.00000000000000        192.76137826262635     
   500.00000000000000        190.65194684958919     
   550.00000000000000        191.85105076436400     
   600.00000000000000        189.74161935132685     
   650.00000000000000        188.45932177024275     
   700.00000000000000        188.00415802111155     
   750.00000000000000        189.20326193588630     
   800.00000000000000        188.74809818675510     
   850.00000000000000        185.81153294176511     
   900.00000000000000        188.66490452044582     
   950.00000000000000        186.55547310740872     
   1000.0000000000000        183.61890786241861     
