   0.0000000000000000      -0.82713383195296997     
   50.000000000000000        49.172866168047030     
   100.00000000000000        99.172866168047037     
   150.00000000000000        149.17286616804702     
   200.00000000000000        199.17286616804702     
   250.00000000000000        249.17286616804702     
   300.00000000000000        206.53387698931439     
   350.00000000000000        197.80737492065353     
   400.00000000000000        196.52507733956938     
   450.00000000000000        195.24277975848523     
   500.00000000000000        190.65194684958919     
   550.00000000000000        191.02391693241100     
   600.00000000000000        191.39588701523280     
   650.00000000000000        189.28645560219570     
   700.00000000000000        185.52275652525270     
   750.00000000000000        189.20326193588630     
   800.00000000000000        187.09383052284920     
   850.00000000000000        186.63866677371800     
   900.00000000000000        184.52923536068090     
   950.00000000000000        185.72833927545571     
