   0.0000000000000000      -0.82713383195296997     
   50.000000000000000        49.172866168047030     
   100.00000000000000        99.172866168047037     
   150.00000000000000        149.17286616804702     
   200.00000000000000        199.17286616804702     
   250.00000000000000        249.17286616804702     
   300.00000000000000        245.40916709110400     
   350.00000000000000        242.47260184611389     
   400.00000000000000        240.36317043307679     
   450.00000000000000        239.90800668394562     
   500.00000000000000        238.62570910286149     
   550.00000000000000        234.03487619396543     
   600.00000000000000        233.57971244483429     
   650.00000000000000        232.29741486375013     
   700.00000000000000        231.01511728266598     
   750.00000000000000        229.73281970158189     
   800.00000000000000        224.31485296073288     
   850.00000000000000        223.85968921160168     
   900.00000000000000        222.57739163051758     
   950.00000000000000        221.29509404943337     
