  -327.19648158385365       -289.33573365810696     
  -770.66051691107350        2266.6721920865753     
   744.68960315628840        43.363508240178440     
  -402.44077950843405       -213.08576740311912     
  -1882.0012483769071        1065.4900310439716     
   1819.4502740649482       -1028.1216963505158     
  -1261.9176763326186        1474.3944863980655     
   2184.2622915921343        607.55152334230343     
  -1408.1584654394992        1375.5692865674757     
   54.301927438333777       -1604.2355461862198     
   527.40161794772587        19.053249132777658     
   800.44790943708142        1173.9568529541277     
  -150.19368633834827       -1358.9189878439570     
  -2427.9509715939189        103.48142044889917     
  -816.21564404025855       -471.00869974889440     
  -1302.5685246743906        1567.0482752857636     
   901.70064554664964       -4.4736041724818030     
   1622.0953100182792        2437.2925329520035     
   2000.3465843531014       -1471.8086727919201     
   730.73497074881004        1431.6414644596978     
  -296.76317252507562       -1382.0340798109296     
  -1713.3696460857807        989.59434871152803     
  -63.409663126347439       -1810.1486358180202     
   332.72221020366015       -2040.0546038043892     
  -213.97841936688403        1385.7101352914556     
   379.80616380744556        1380.7012726101154     
  -1259.8356637644611        2423.0284300905028     
  -469.87577132732338       -534.61357982241350     
   2073.1104014219004        93.528104430294761     
  -1598.7178207063398       -971.91001502570077     
  -2356.6763508386498        335.72600477348294     
  -368.86402402624771       -27.596820709817816     
   1955.5647033312059        2067.5218263532074     
  -2273.2315938471784        315.71233601306045     
  -1450.0769381444375       -1185.5316079871070     
   2371.4477204476439        1922.9386560730463     
   760.48314893025349        1704.1398060599349     
   764.56315634957400        1514.0541943039495     
  -1367.0620842680667        1474.6616740609884     
   1338.0317189883131       -708.42851180803609     
  -1690.7618939080642        906.02605654719150     
  -1214.8768868414288        2020.7587297238354     
  -1689.3389615816445       -1177.4552444698613     
   2288.1282599490114        448.29506981375613     
  -1679.3526510801107       -1421.4412631727366     
  -1045.6147919293944       -2497.0807257017627     
  -72.660892318364731       -1523.5506548433989     
  -2243.4626061664299        584.40983922061559     
  -1391.3876124355033        1887.3882455776472     
  -759.12439819563338       -143.45513059040167     
   1383.3557814561245        1331.8198296350170     
  -2019.0585978709078        722.93593216720490     
   1918.4969363675036       -1477.2124733949433     
  -1242.4834344142787        1141.5003205151347     
   628.41283999179939        151.00151163020359     
  -876.97051250003506       -263.54763290604336     
   1241.9699903838493        1235.9125891221265     
  -1771.0878238937421       -1179.7790244710357     
   1097.3184751295842       -174.49280979562971     
   2019.9481790002228        2391.6734470554370     
  -2486.1500619534922        2298.9983802482411     
   1138.7595797819367       -276.13962817342610     
  -533.65889896641886        334.51954779728749     
  -1314.7277242075700        1390.5809162928178     
   1528.1836258643107       -889.04641631345316     
   1297.3089086058005        1169.8419317638670     
   778.63840590498114        1271.5975259201998     
  -201.47324889874284       -1591.7766403584137     
   1228.9534261979522       -681.77561184084232     
   2432.5376146849694        7.9575199805327763     
   2210.4032229032027        2231.9363450824098     
   94.915756042919384        1689.3483264508104     
  -2481.2360680916117        483.34061407374020     
   1870.7737267856273       -1403.5709487978033     
   1702.5827260408812       -1412.7303709423043     
  -529.36719357479149       -32.980032618269910     
   427.55178467522131        1460.2451421533672     
   2348.4934231461480        687.02004321820630     
   2494.3449829225156        147.84846836875965     
  -1530.9527542137087       -1658.8831792947326     
   981.98355145946869        1037.7089180963380     
   399.40530637494896       -1686.9753337144305     
  -23.862948113595834       -1590.2805713198154     
   844.81426380348705       -297.01833968274309     
  -310.69556640623512       -1833.3008564072791     
  -1216.0111990020182        2331.9725474901684     
  -1565.8810441664059        1032.0047096703247     
   1119.3595595669135       -710.53941424731386     
  -374.82135842414681       -1904.9364414467461     
  -917.75437894967740        2132.3568872436044     
   1608.2670103548999       -1268.5611040916542     
  -308.09016983851757       -188.88290687407499     
  -1844.5725629246092       -1038.6252865010424     
  -1817.9221029865048        666.58354432760461     
   330.93776934271057        1691.9272069671708     
   857.01008481988390        171.08995356441315     
  -1150.8742661846848       -2438.7551079265659     
   1179.8515105047989        939.72756383577712     
   339.20909757292372        1786.0990590701740     
   536.98146902640497        186.09695157902416     
   126.80610074972037        1343.8307751273146     
  -1428.9440593450956        2253.4437465057554     
   2293.0574652762930        2207.9599061810031     
  -1495.7554791633543       -1282.6020192422027     
  -1411.8340579775386       -1271.3373044773350     
   1531.5356940505417        1245.2672596195139     
   1045.0626831735326       -251.45042293217557     
   251.03004722475023        1661.6308381612359     
   1263.4822013267901       -1082.3427425119123     
   1030.3273795551281        146.11689649611867     
  -2496.9233596001541        1859.0878037193058     
   2463.1225522429340        645.24502771626430     
  -1869.3459974143379       -1527.4389910666725     
  -1920.0070021005938       -1356.6372035439915     
  -1395.9391069696428        2372.9551493701961     
  -1919.3918391281400        796.56449810141828     
   167.09376896591397       -1520.2302632817130     
   823.26340550514112       -376.94862101170406     
   1214.6004833041782        2363.9775280786012     
   2371.9639843495970        2228.4871044112783     
   2498.5193182497674        57.326844840000206     
  -1204.2125943342658        1570.5689851273637     
   1826.2703356354946       -1655.5787643448762     
   1318.6226044750806        2337.8800287143072     
  -194.75794299527516       -1740.2949558514595     
  -1469.9280101378724        780.88401306990443     
   2198.1553303516071        2394.6158855985909     
   2232.4788456057395        526.54883868156242     
   2089.4961339519023        589.18625333359478     
  -1474.5230116760763        2075.4138995485637     
  -1810.4530126991431       -1114.0510571037162     
  -1267.8071055173309        2270.3184543178563     
   1667.9463684884868       -1113.3067139411396     
  -1980.1154034061617       -1412.4802786111359     
  -456.76090011154616       -68.373410278461719     
  -512.05639084510312       -320.65260956214485     
   2231.9861002259213       -2462.3315107206431     
   586.19146186924820        1517.6717352983690     
   835.04635721407374        1624.5895211507489     
  -59.981068253327656       -1360.5221297587966     
  -1366.3212210171489        1293.7893264761137     
   12.054849123740873       -1672.6473913477071     
   675.96468204616144       -165.73260624428497     
   934.69393048066956        134.05128806079711     
  -1334.6539166495565        2212.9723055141044     
  -1731.7826724357358       -1254.3585316484734     
   2406.3863670897372        270.34649693309052     
  -1425.5552201680673        1113.2572961379094     
  -1625.1760173919049       -1343.9798496132621     
   2056.9227146727067        2306.2050531126561     
  -1481.3437870420948        1033.6914832844652     
  -1777.0525018088595        923.02706785120336     
  -157.66462409189123        1305.9287908274937     
   1089.9250267694504        982.99415703294051     
  -607.72528531319028       -54.060295566213249     
  -441.87784512295724        16.516262449773151     
   1124.3093860789172       -2479.2293076383448     
   540.35930368836205       -223.32868387023427     
  -1195.8189262037520        1936.8370872099413     
  -337.50086184309248        344.00289859106988     
   366.05820231266290       -1953.7752763361020     
   1491.2436180248656       -971.76810324269661     
   1826.0068759890883       -1332.2914230222266     
  -1954.2234215461756        993.18814614882990     
  -755.62835405109627       -564.33151833955867     
   2164.2979773483380        2467.8069795086253     
  -1312.1862575788289        2130.2821025391136     
  -1296.7554573141431        1946.9174581232069     
  -1599.3464487321253       -1420.6411155535561     
  -659.00835187069833        243.61089065523504     
  -1964.7489196691326       -1575.8603679076914     
  -572.61941527968645       -194.31879358449103     
   1009.2622214168156        2480.8510033956713     
  -1673.4441068534150       -1019.7755990659078     
   693.46967745864072       -14.280865455419979     
  -1931.5039464107379        889.79529162601739     
   1693.2276453281358       -1259.6284078605122     
  -716.96329502386095       -468.23860846270372     
  -629.48494003770827       -328.48023070959511     
  -78.707661672306060        1458.7136492874636     
   2210.7649814929837        441.96152316373531     
   2387.9587121687105       -62.096126017358991     
   1356.2913603755110       -2303.1173103492006     
   281.82288969303329       -1962.5234214148240     
   2148.5889666236417        1879.8158532574571     
   1402.4530054891561       -980.45630336227521     
  -1503.5227975683420        875.65638616167712     
   28.310189784003668       -1970.4065528866522     
  -2267.8774680295805        112.96724581966785     
   36.966713120993774        1160.0880477356638     
  -2253.4261198800455        685.23410268543455     
   911.26751370761099       -341.82963602561574     
   677.12039299616197        1523.7859940229919     
  -69.090229476490023       -1663.5390822130860     
  -1756.9097784287333       -1405.0952794755676     
  -1103.5186315786166        2243.8462524065735     
   969.34807187381830        50.346102153096773     
  -2451.6965192025759        2062.1802182256620     
   305.12580591066580       -1560.1131440334316     
  -2401.6869214138114        2135.3219508692137     
   1205.7868516045487       -2348.1646171586972     
  -2438.6853771804576       -124.66381787294176     
  -1146.6447161328549        2088.6656248406912     
   1046.2625234730708       -2439.2179113896696     
   2499.5186668607594        399.46002432051745     
  -895.53716162083902        129.47942791577091     
  -131.35025555812379       -1959.0646341938307     
  -959.10513608122619        2461.7758462726988     
   1579.9722391999151       -962.46640353804219     
   1505.0107908577509       -1409.1674770492225     
   1928.0237958068601       -1644.8583635168552     
  -436.97891860903161        187.14437752862750     
  -1846.1647584127002        862.49804301997574     
   1370.9026744011428       -1067.1303124643157     
   2425.1919613272894        97.896180948178824     
   1075.9356562699072        1186.4934753317282     
  -573.26785115988559       -273.32612165339401     
   2435.4193732727513        2362.3503067494494     
  -126.45934316227145       -1444.1294786888034     
   582.87256074651930       -307.19358046256133     
   192.41973571933676       -1331.9583461667817     
   2290.1813858991982        1945.8425566015253     
   731.55967700553310       -388.17531841660315     
   999.10785977538637        1405.8717774457446     
  -1257.2182982887775        1760.3651567463376     
   305.27620435573920        1305.7121034705535     
   2116.0060191000312        2368.0843270559494     
  -934.75696387367645        2216.4883470563504     
   2136.3066074992557        156.31406686690846     
  -1657.7674791997790       -815.80192547225408     
  -2339.2980561887834        598.71152583381286     
  -508.74276119753517       -631.17849709633936     
   987.70179470663356       -401.60515627766506     
   163.21086628242912        1646.6791943257183     
  -1376.3689123306892        2074.2668468524985     
  -539.56478155640696       -115.26288610258925     
   2018.0073432956640        2139.8122223020996     
   2217.8017390013597       -1425.6063047968717     
  -813.68824290507928       -203.35142202885407     
  -1478.2544074193897       -1511.9555997795262     
   1827.8222123263558       -1111.8784818941288     
   2142.6589881533810        2026.6042594743715     
   2133.9132573613092        1786.3094835345712     
   148.94521923030231        1174.6905754038614     
   797.25477916616478        104.84891417341056     
  -598.87315795736652        398.49197334741564     
   1284.0201260317108        2433.2273253094768     
   1011.2047416118837        2373.2581786554542     
   2380.3875641338004        591.26603073663409     
  -144.31673235977087       -1811.2700210668950     
  -1815.4212999442966       -1246.1248411376446     
   1008.6498423577153       -126.46327143582661     
   2271.5535971711897        173.61678241642025     
  -769.17389553195881        2470.5327725854763     
   1436.2831264830384       -892.88588895697387     
   1663.9997172505789       -954.33161611911976     
  -2078.3932230549203       -1298.1725421939932     
   1115.2215180070787       -2379.6832614002351     
  -801.63051966413536        271.09470003265784     
   1427.4706258647686       -1141.8985144385101     
   701.76656609619238       -481.99740585718348     
   1969.2725126343510        2325.4156498863813     
   505.94726414529305        1760.3799017428851     
  -2311.0452607329116        2127.5755152740062     
   1464.2683477634673        900.73900667821692     
   2093.5877148402869        1955.7337709360904     
   2407.0312380678047        2000.6034027664857     
  -159.60777465926080       -1518.7521011044721     
   1555.5802271586897       -1199.0855457539776     
  -1870.6286963161565       -1188.5604896989896     
   397.05389878494327       -1588.0904688316737     
  -679.93654760615971       -9.0741608530752451     
   1941.9399234977086       -1249.0179177232337     
  -1714.4530159485093       -748.39170609466191     
   938.22821758242821        1478.3185234438363     
   275.59669571256285       -1397.2230689256603     
   313.51156083260457       -1882.7694006818203     
   2278.3049564008193        2362.2509232049633     
   1116.2333617422071        2347.1004630667430     
   13.344076781280368       -1509.7425461093464     
   157.16719842892510       -2050.8677470399784     
  -185.83031136080348        1199.3278972155481     
   1131.4860864839798       -604.24128086983740     
   993.86002912645358       -317.64502185966461     
  -1664.1458452827940       -1756.0894493166932     
  -978.81811551099747        2374.7625328994363     
  -1254.4422142629469        1867.0767517926749     
  -1342.9785715929675        946.09158781831547     
   476.57428673460112        106.98175441183552     
   404.49015868822858       -1770.8754594764011     
   2172.2252109627470       -1524.8888297740712     
  -265.75037881308367        126.67739340434439     
  -226.73793646570360       -1823.3321344596025     
   1234.3127077411075       -568.87481621321990     
  -1405.2590929267808        1579.7706563359745     
  -1526.2264803957992       -710.60423259811182     
  -1169.3657286082332        1840.6051644402623     
   379.48204774117011       -2127.2367090301509     
  -475.96016717025560        272.02155016886013     
  -1649.1304816167951        1054.3922474522014     
   2033.0019844883589       -1240.2607512549571     
  -737.27620421100289        210.96515906713137     
  -1487.7360827107573        2332.8535861272858     
  -46.820353041217274       -2139.5354821440419     
   2224.5282981909149        10.402503187452965     
  -597.42967889460465        184.35305240154912     
  -1165.0354572011684        2169.2774924080654     
   1915.2580317556299        510.52906565903481     
  -1895.2958176806658       -1103.7328811265747     
   168.58907858861846        1422.5112199783846     
   342.78088316398447       -1474.2571118085771     
   1053.2565886401057       -2302.9065005711536     
   2334.5092761628230        224.63167757070570     
  -2478.1846073065808        2385.0781272573704     
  -1739.9533802379465       -953.74722195003960     
   2305.7105709667294       -26.577624901336126     
   55.781556988256902       -2141.0609997942602     
   1573.6782472799364       -2396.2706608273425     
   2192.0900744506230        1958.5663054112770     
   1661.0547890423670       -1338.3603715084871     
   1721.0332052644324       -1181.3607037948298     
  -1315.1329740522883        1215.8546916246778     
   2332.3159241578419        312.44168879123828     
   2209.9615622789916        115.29531178744367     
   1355.1937044296362       -2473.7892912510838     
   748.05867758750958       -141.32413115504966     
   1699.4805469487123        2374.8693743326867     
   1437.0067591660140       -1332.5225621577790     
   1177.6627997097223        1044.4544858866093     
  -312.66126447807193       -1997.8262061442149     
  -1181.7941376826336        2402.2057982275701     
  -438.80036244483722        349.40256816200707     
   664.31871577619290        1680.4443404341016     
   2369.2277865727265        482.33339705225865     
   598.27572954428013       -154.48550485753486     
  -893.43493522581105       -167.42336787944163     
   377.11855790322022        1539.4337191142777     
   802.43899686674308       -564.27491971585903     
  -1952.8046301469883       -741.89333118073159     
  -1341.4252786897562        1125.7365604635263     
   26.180812721098999       -1417.7699162406616     
   2072.7304986208801       -1147.6164420565949     
   2055.8325245888163       -4.0225636301865180     
   2442.6792541119544        1751.7512690401022     
   2176.1208330270192        292.55541813577275     
   1801.3935526961857       -1186.4629651742448     
  -1644.7344985924119        745.95449601058635     
  -2406.8588254628285        435.44791143161603     
   1171.7482417652182        1302.8776450973999     
   608.65991741065875       -1.9126481287065815     
   2446.7918474523108        533.01935505761446     
   870.52486220839398        72.078387693264673     
   1292.7684565963502       -2390.0088949275187     
  -889.50980213551316        238.09328459757336     
  -526.51381297802072       -458.33660428391346     
   2056.0313541915461        500.67514709345403     
   42.347637630907272        1622.4853918087019     
  -1347.4449487267600        2440.5336353838793     
   2336.5829987687471        1757.3831673241214     
   104.01144066595691       -1369.4135804504981     
  -1328.0382339135890        1671.6173541950125     
   2236.9883043358504        1803.2631782555359     
   1268.7732910894647       -2482.0681911828415     
  -829.04251145143542       -105.86311852971374     
   2346.6705675748403        134.81007399038296     
  -1185.3856152743181        2249.2594328934319     
   450.65003833669800        1574.6594800488319     
  -949.15590777466150        1969.2049002150136     
  -1065.4863374035046        2079.7338977832301     
  -619.70204132263882       -133.55438783231082     
  -2437.0923855093483        273.58441487984447     
  -1151.6026511984278        1484.7043956671509     
   1096.1979966584040        2440.0971177803808     
   934.63888489517319       -78.911527207713945     
   492.81487238109645       -2101.6637911676694     
   2018.3365684904047        263.29727847587890     
  -762.21273213091820       -388.59197765410994     
   1520.1123945016579       -1288.3312801393138     
  -2464.9721340915689        574.02764068921022     
   1023.5427260666444       -635.11371844478094     
   636.23291447409952       -387.34151122349726     
  -494.98681554272628       -233.45932804398038     
  -1328.0281362491003        1817.0891775111795     
  -1012.7845977522870       -2340.1178439348701     
   245.24064858453625       -1496.5492636386036     
   410.48136323054376        1286.2440239520261     
   2242.8481152423756        2149.1006063357877     
 -0.92701497496868190        1248.8567954866501     
  -650.57356905830579       -244.78488346452238     
  -1071.5267073946782       -2418.4410140000978     
  -1725.9783026857299       -863.59629914129130     
  -432.57817273595265        443.32074372987370     
  -381.14305746666633       -371.04355241998360     
  -1730.5107119196618       -1490.1994197121946     
   1905.9477809846371       -1326.6444669061223     
  -1534.1749568245627        956.08094013615960     
   731.96694777830987        1601.6829361403261     
   1385.3933740463501        1169.9433544158649     
   628.65119281672469       -236.11012719865045     
   334.31039523029574       -1802.2241155953934     
   173.81389819681289       -1673.9935763012006     
   1853.8154435663187        2467.3170856264337     
  -92.348919902795785        1241.3171548503901     
   1661.6994840250909       -1495.2669803564254     
  -290.64016337839928       -1585.9994322530849     
  -172.51189515828102        1466.7024145018549     
   187.21823314711551        1271.4811789138230     
  -2108.8495967686877        800.37700661561894     
   790.42484550821371       -221.43616199420421     
  -1707.3310473022577       -1572.4393467494460     
  -2346.0495500330258        1950.4606917395010     
   2106.0308532723539        234.71666675542468     
  -872.02251471311035        2295.3937389064458     
  -674.01126867865867        156.39294462271610     
  -294.35619647055512        241.52573070890890     
   1921.8023442679430        290.09712539603123     
  -1129.3093412227008        2003.9761902149153     
   140.43514129189467       -1601.2597570530634     
  -2133.7778586459440        695.43183703901468     
   110.64195361121024        1483.3847807211541     
   1937.0866169230278        188.55062624451330     
  -111.69510364681879       -1734.0880969441293     
  -2417.3253415442177        663.72531994699204     
   263.43101125458151        1748.3229078523586     
  -106.46473521513988        1533.0835684368587     
   92.313440854720596        1257.4753658927812     
  -572.27966473784431        583.49227441743074     
  -105.45948551655309       -1269.0028898697874     
   1627.3548969195276       -860.96608414809384     
  -1390.6130269677551        1984.0319032929110     
   2348.6730844698814        2484.1062268253481     
   1613.8334838073142       -1583.4138812284318     
  -1656.6195526796134       -1262.4821915922180     
   1434.6458008906238        1244.0207984526398     
   2468.8558400675615        2216.3193578785904     
   1639.2453207453643       -1038.3392035613290     
  -17.905294381541633        1397.4508791946189     
  -1133.4424577976285        2320.0863028398267     
   475.70314225514812        1663.5621136957686     
   2492.8903331123852       -54.105853936337638     
   1072.5340624770677        1273.1234009991458     
  -1600.0454899988488       -879.81025359989644     
   2312.9811282776313        536.73796389108406     
   2277.2362650852651        614.76019824688387     
   1461.2136744837424       -1053.3581501512572     
  -1883.5761826631319       -821.13376225879301     
   796.79863739542634       -458.44779426257452     
  -1992.2922899488747       -1317.3324858353399     
  -1899.9440148364570       -910.77504928776193     
   986.37822342146706       -2368.0656283414928     
   1070.8653680736770        37.592054741486265     
   1527.1176576940102       -793.91502589707284     
   2431.7444873365921        439.58380662876016     
  -1640.5482500132835       -1102.3117415244083     
   870.15447473832751       -218.82284413020363     
   2068.7510955489051        399.99891499641558     
   715.09782661765996       -235.39744391779425     
   2417.6547943914688        354.79370578998657     
  -1508.6502688615212       -1429.8300861558116     
   183.20435726164104        1517.6922514878243     
  -1945.7880542780472       -1493.0698945104944     
  -1231.9355293419094        1664.0827208876203     
   20.262739142467126       -1326.7346761498998     
  -2065.0161842331681       -1590.4367527277743     
  -389.94044075667415        262.20097204859701     
  -737.04070902206843       -236.89731649456118     
   1730.4420322900378       -1012.5477689195767     
  -147.95700560429322       -2126.7005628612201     
  -1443.9805664371684        953.93413336708579     
   314.46039141397944        1603.9953063420992     
   660.61583535751629        64.168652328189012     
   1270.9997776052824        1330.2062698691088     
   1715.6516125418577       -1663.3129942228584     
   2032.1039243999960       -1653.7537081405958     
   979.72241752917159       -199.99981917182711     
   1347.1302543883216        1019.3112919462509     
  -1505.8357867976906       -1005.9788149994851     
  -2449.6706593149365        2219.2108482465410     
   1414.8649677231256        1080.8047294693424     
   97.528359616886974       -1458.2690185638417     
   224.73335203679420       -1743.7413512961430     
   2092.1207299635466        319.90897191742010     
   70.730166197176374       -2050.0483220960773     
   1206.5749562770661       -793.07828667800709     
   2357.8237305468670        43.329710212151099     
   221.88172883494050        1586.2982100665638     
  -863.93805446228293        2457.6461041594962     
   911.42093317776039        1131.4354894004364     
   2279.7894387279812        2281.3643059316105     
  -1104.3456857434555        2395.4307107665909     
  -280.42544542385764       -1747.1897524217100     
  -849.99688262792938       -366.15655235172096     
   1148.4246988922273       -2265.2764880928171     
  -521.81469542243156        122.53165833859738     
   1380.0832466320910        843.92333907222178     
   1895.1543372774436        2377.3129939147061     
  -1547.0538812820855        1273.1010418768963     
  -1652.0369039183238        1260.6188378589009     
   1650.0385904485070       -2477.1910981982642     
  -1870.5471336491025       -1297.1484380526624     
  -516.23362630334918        199.82465219246944     
  -2237.8556001984352        404.97184564824585     
  -1598.0175015192449        894.04822421855772     
  -1702.5729181907423       -1340.1203258437863     
   284.25532132962417        1530.7195474231596     
   2145.5678749250492       -50.222204449216484     
   2321.0243474317535        1852.2544662203993     
  -1762.3744721099574       -1032.7816464747955     
   2085.2510192188583       -1473.6633523072878     
  -2146.8428048896144        593.42983417286700     
  -61.255238235100698        1615.6848585099588     
  -1428.6799278691103       -924.56301295541448     
   1987.3985134290315        445.07198467803175     
   980.51952483663104        1316.8161030953565     
   1435.0005699493654        992.98225079170322     
   1263.7450402853171       -2271.9335468393210     
   2259.5902965797345        274.22823176327086     
   2341.8906994455720        2149.7271471539652     
  -1722.4474968596971       -1101.6903008705929     
   1352.2504017469068        935.42203183872721     
   542.81973810930697        1435.2503474933403     
   2269.0344851052182        2449.2251778137697     
   1834.5963054993838       -1479.0203250714419     
  -1229.8642664044994        2105.6330254007876     
   919.67699450612179        2438.9207831400395     
  -804.66951748107385        2367.8348628292242     
  -1355.6767431872352        2294.8844819443943     
   393.81199210053114       -1868.7067669805974     
   467.24335637550990       -1834.1056746528911     
   851.39238253478209       -73.561214877874320     
   180.10611077748612       -1431.0676845274645     
  -656.43341237724610       -534.97767493397873     
  -1666.5134407770690        827.79010709783313     
   1201.0423734462483       -2434.4716770128030     
  -428.56655409108339       -295.47978160472024     
  -1011.0139641766916        1886.5931011172056     
  -1741.3312752959373        749.05532273178778     
  -1498.7027444804107        1360.8720745786336     
   450.53253802667962       -1939.3840475047391     
   1786.6411616099094       -1406.1735430561707     
  -1702.4854932337441       -1658.2445237624754     
  -78.440678806885131        1144.4031267574367     
   1220.6934217941196        1139.5001290221601     
  -902.27956021109549        25.240302847498810     
   1991.0766347941444       -1319.4368158367745     
   528.54254439516581       -2004.4107076334471     
   1051.4539367155721       -538.64815343764872     
  -1769.7279868130468       -671.89534419472227     
  -568.94518683388287        261.01886839840080     
   1548.9574283080512       -2494.8047763213008     
  -2062.7092996821580       -1393.8001399240770     
   1982.0889038212929       -1555.9109141477893     
   1309.6371832374068       -811.57311564580607     
  -1350.0179615712264       -1349.0531102752027     
   2344.4145847220898        392.84721782465050     
   1391.6666022514964       -2393.0654517969319     
   566.23043361808504        1676.7642300767848     
  -757.46532785435340       -54.514200063790149     
   1265.8943104466027        872.90968265224762     
   700.82451111379339        1348.3929778557188     
   513.15234611249537       -141.80623825097658     
   310.55948365368562       -1726.3431474991464     
  -370.65520846185933       -556.28098234584218     
  -1578.8816326376793       -1274.2894974964718     
   1305.8494598350680       -989.63007620907217     
   728.05063750333534        300.48706093433543     
   338.16671189523493        1466.2433991995333     
  -1163.9273522040260        1743.7098866306796     
  -517.59732740336653        44.639340630973251     
   2051.7016544766407        2045.3409501140775     
  -97.118652369092644       -1883.6886470197348     
   1334.0809758610426        1100.0581586908488     
   392.37056067159369        1633.4704474948121     
   890.54089164705545        1226.3281513127267     
   1073.0308119005467       -351.06668953862601     
  -379.52798793445686       -1773.2403117947292     
   1857.2045340469449       -1254.7743688540495     
  -600.46057942972254        104.14305967645367     
   105.43124981252120       -1265.5961502608113     
   1080.9048951350298        1074.2776466907389     
   1731.5212182178211        2469.4188086805138     
   1142.7559028766598        1126.4210126254202     
  -1380.1913738324749       -1121.3608784842763     
   957.60536578967401        1574.2875811833601     
  -471.67410844194677        532.25250796664704     
   2122.0344967899332       -2444.4419858217752     
   2129.1248761562997        449.97287693981485     
   2290.7137347138560        2085.6173225032817     
   1535.6944718054281        970.97212078642497     
   569.80136677984353       -1810.6193179344230     
   800.22718887946053        1361.9207022635621     
   1335.5089798181029       -1157.3307687176693     
  -1831.6008031791825        768.61382004875895     
   1471.7335988127572       -2326.1786064865769     
   528.33574760318584       -1900.8361727825659     
   110.96534744773659       -1969.8569911196907     
  -1675.9781582231983       -636.24019195082428     
  -2402.7977746682132        1868.8289242562691     
  -1889.6673206730320       -1435.1489542146717     
  -1730.0176220260303        1081.0824094097925     
  -1628.7941672307202        970.89720003094578     
  -2035.1477869175649        918.30989204340824     
   2236.7684054292754        1886.9273477603936     
   1083.3631346492971        1359.2931545363710     
  -114.14010647971418       -2042.3785475058148     
   1615.2568988319779       -1421.0244517545423     
   1974.6241379412595        84.351219680282227     
   2430.3952824535040        2283.8865262952431     
   1745.8740513311266       -1096.3161244968901     
   2194.3346733344961        2087.5383318601803     
   441.54432254686782       -1502.8632920369701     
   2413.6757287858181        185.35562633734361     
  -2264.7336780168012        2222.0486148348095     
   2227.5936915417851        699.00942432285933     
   38.554465184115251        1331.6541522502871     
   2124.4684165148992       -1398.1738067052981     
  -278.54273970192065        19.195947620086827     
   715.23132183555481        126.38967261333438     
   1180.4038535941629        1401.0375304588317     
  -1920.0476431416841        704.69909911112688     
  -1216.3174937525218       -2345.3620881145457     
   2330.9018145979817        2012.0717126030534     
  -1083.3750843678920        2162.8948480473973     
  -470.95841594133998       -155.94375909493249     
  -1783.4448818428793       -798.35151855333140     
  -1023.6372771036964        2242.5204408567270     
   2199.5331778151699        213.41124459560100     
  -2308.0664100480512        2326.5758677461545     
   690.47886469920593        211.71477701256927     
   1148.1692239434628       -499.82764969069427     
   576.46687781195840        86.538575520723271     
   181.55016439655893        1726.2437963458362     
  -441.91161183266189        103.97459808495833     
   602.18216129003974        1360.9089778644845     
  -2159.9961794453457       -1355.6138562815420     
  -912.88746808049473       -2364.1128512388877     
  -1299.6677272317047        2353.7831091999446     
   1511.0445925627757        2420.9626920110427     
  -1941.0468837741923        605.20703590397306     
   2283.4315837272911        76.051297333234970     
  -181.16095742734689       -1892.9370471764389     
  -1870.8652566858295       -637.69740666246980     
  -1844.4819040032899       -735.90559834081557     
  -1392.0446786270359       -2462.9243032241698     
   98.807350506794677       -1821.3009360411741     
   325.75330474510884       -1641.7256198464024     
  -1810.8269148424863       -1466.7651367984504     
  -1334.4089541810586       -1218.4816807630673     
   829.37973979702861        1445.9721953910819     
  -471.99451759560122       -389.64655559726197     
  -257.03091047881770        1294.1356531362462     
  -2077.5016655179165        513.95289357572040     
  -1554.5290330438697       -1757.0258388660284     
  -1249.5132916021512        2187.6074606987299     
   250.59597642863761       -1663.5084144490411     
  -564.79051868747740       -544.20891236760053     
   1442.6287005513627        2491.3521642515780     
   1158.4466062780311        1217.6970769404340     
   2084.1568831083114       -1315.4923214974124     
  -1044.3871437360158        1987.8381355493561     
  -1201.0569580701419        1243.4038002771231     
   2166.4512194596759        371.72876871512335     
  -1790.2993544366921       -1553.7113545033601     
   1575.4912087569937       -1348.6996176286023     
  -356.11316607431178        162.00787281730658     
   222.71214255147751       -1587.4356566447648     
  -1002.1837194887433        2159.1609589289410     
  -2436.7368471994323        3.1482614446806005     
   2355.5341139752045        2397.9376756968195     
  -1457.6027460323687        2450.2914228711152     
   268.30562528210334        1213.9584046984978     
  -717.82793684946398        301.68382032884637     
   243.61764006720477       -2044.3951710808146     
   1816.0062544226723        2211.7663317149027     
   1474.2244172194808       -1218.0579878629885     
   910.67943949046935       -152.74446485072642     
  -754.05891533297176        32.899268725407730     
  -336.17374260975947       -1483.6523326546496     
   2186.2235207900426       -1317.2141010651749     
   1751.5556890570415       -1483.6761985442645     
   609.01528507654211        257.86912570635371     
  -794.60751704288259       -298.47737505725161     
  -18.714669828966922       -1891.1827529170018     
   2457.2498886231351        1927.8798871266097     
  -55.815515575266268        1323.1455255232340     
  -1047.6234618106514        2325.1684958622659     
  -46.336243719046365       -1446.5165590801078     
   2019.0730198686290        665.64942133695115     
   904.21365607364726        1393.7879770916873     
  -213.45729751869141       -1427.4446909210142     
  -1406.8264587235087        2160.5281090397871     
   164.09293116293131       -2144.6085945851837     
  -2295.5195000954836        499.97299585838755     
  -21.481597291997982        1544.9509636594175     
  -2387.7024088934663        519.60989425502339     
   2487.2361270062461        2007.7388508327640     
  -1543.7404728287879       -1573.6520614895992     
  -1297.4930209914128       -2491.5348427287990     
  -1391.6259135782984        1034.4171903865138     
  -828.37588925696548       -15.316766326513404     
  -5.8511912529588397       -1234.3403973275272     
  -821.78471340743977       -2429.5689663833418     
   271.60947660409204       -2134.5425350140099     
  -2007.8535671599300        820.35840999893219     
   2378.4124088954122        2078.9524820616439     
  -2357.6000462813790        51.738351210545112     
   1773.6122767900774       -1260.5539877827878     
   1952.3897525092427       -1396.7353172302621     
  -1106.5206570543007        1911.3525777292280     
   1164.4781260734890       -397.51995010419546     
  -906.57684397723222       -73.074711888972914     
  -634.89636696781599       -631.26211657726935     
  -2124.5534821900465       -1206.2947055381069     
  -333.45677085804192       -1674.0493290806728     
   2077.0823710301383       -1564.5313860633426     
   1588.8701473342849        2344.6500016791028     
   832.96952393568745        273.32808854975696     
  -1525.0922226432733       -917.83296620792362     
   14.901767090254467        1470.7259616551173     
  -1810.4378168627786       -880.77897171365169     
   1470.7292795437861        1153.2677331016687     
  -1565.9210683668382       -1493.8966467200455     
   492.43460251838155       -1739.8719844198722     
  -1648.0782429201190       -1500.2814779390083     
   1564.8416216645387        1146.1274644872656     
  -1403.7011931138215        862.48228048401256     
   856.07540473200493        1533.2241727645699     
   2037.8220987967711        175.46380582815553     
   502.58408598192784       -60.453523729761564     
  -1479.8007128332374        1462.3408814904133     
   2159.0351671709313        2170.7496876840059     
   2236.4434508011836       -95.275742515230405     
  -118.09026958834322        1386.1855259631277     
  -1203.4007734074221        1381.8233745710174     
  -2358.0877764540028       -56.642769071011791     
  -1121.2621051224946        1646.7895950886746     
   145.28530051204382       -1894.7997374466404     
  -240.48863428292398       -2081.0120065761625     
   2485.4233433879676        312.25962211698061     
  -208.51548262891208       -1991.3951612010515     
   1263.5938089554465        979.86408717862582     
   1955.4901056886256        2454.7974799572253     
   496.00572966238542        1506.5891813067180     
  -2402.0441105760669        2302.4470871551703     
   1890.5017195955941       -1557.5633690206892     
  -563.24565129185237        485.48957088867195     
  -2032.1207181679861       -1492.8896608042085     
   1509.5545727425340       -1125.0141329262715     
   1796.1840999960418        2401.1926419399169     
   984.55926523898165        1228.1894232224981     
   1480.1048064344618       -2427.1371124429002     
  -265.03707868220630       -1913.2963883352329     
  -985.34092552279310       -2437.2434464649486     
   1976.0684581633834       -1166.7326492670784     
  -1275.0707924232136        1306.3308053026899     
   761.42417709948211       -60.894883364015769     
  -687.64778880611163       -89.851879862402171     
  -1504.3910872039633        1115.8461834914374     
   2437.8029300991379        2448.0135184857959     
  -1406.0921141126787        1202.9055997887788     
  -899.58371467249594        2379.5932134957907     
  -826.34456031162824        78.943515356711515     
   589.14294953760032       -76.254393978237431     
  -340.68326198584788        452.57687036340099     
  -1835.0493721391656       -1377.3656986065464     
   2075.7876750594155        2456.6670715513437     
   94.937206239321483       -1675.3468390959695     
   763.91650401269760       -306.12325556763642     
  -1290.0832407225009        1040.0999358480080     
   1897.6020211077239        2272.2565296947496     
   2411.9559451898003        1839.9242367014324     
  -984.53086231257203        2067.2191390969588     
  -599.43348332792198        26.027610721991355     
  -2489.3556494212603        2142.3592338616018     
   2036.4996563593625       -1393.4325736252918     
   412.16601546411613        1728.8499904976807     
  -2350.0687476376338        154.28872097692715     
  -1418.3982589817197       -1439.1526617832005     
   1805.3553503257372       -1562.7667343124376     
   536.31430089603157        1591.6477916500676     
  -1453.8399523465914        1278.5597287302369     
  -1756.9432305791333        836.63105625232379     
   1998.3421038518566        351.14861254150395     
  -1566.0897752146741       -801.83083235338199     
   902.24799138725677       -421.33266380226826     
  -1076.4107121418019        1799.3370650569796     
  -2125.8222381111009       -1477.9832850956727     
   431.98660954555163        14.025248756578794     
  -223.72604229132094       -1296.7725454358922     
  -1611.4889595522666       -1189.3532045050524     
  -1795.3337505417162        1020.4964610221120     
   2106.2628266795678        2107.7772021114070     
   2198.3016368504309        2314.4789128789557     
   195.64498520810326       -1968.2871113056001     
   424.68371227608839       -2028.0580022047882     
   814.15079205785480        3.9065671316087163     
  -1693.6487462048688        656.94180257815844     
  -289.35408244442675       -87.105398342075901     
   1260.0763012634793        1064.9679113655964     
   2235.3739084412127        1707.2632267243757     
  -1626.2025964832137       -722.45730023266526     
   487.88321837266642       -1638.6651473380427     
   1415.8646512698704       -797.90371720677888     
  -362.75939090803547        69.129303340897451     
   258.09928539383094       -1814.7956403419555     
   2486.2857375102039        230.36385119874049     
  -1529.1276780042926       -1205.4610979243389     
   2149.8109616078791        526.21890071037421     
  -2019.0391228072554       -1227.4787489169601     
   880.87045974120906        1311.2101833109698     
  -677.91905939768458        72.817967863086849     
  -686.53752740801656       -174.01548213572886     
  -1123.0140608992106        2476.8571560189703     
  -1401.5143174231507        1744.6295088006802     
  -1296.2271061804574        2036.7559061724469     
   242.06990927165273        1463.3172043920383     
  -420.16495195672218       -459.60709835431209     
  -846.02256770174893        2200.8597238377206     
   1993.1209592447960        566.91959004901446     
  -1973.2441409839805       -1065.5125331667100     
  -1450.0643819120676       -1357.7689590204507     
  -710.70432114735934       -316.05275395390328     
  -386.06289611127642       -120.51858027226299     
   1383.7364976346719       -1245.3059071216933     
  -690.51475728190417        384.22966819053710     
   2122.8592493748142        687.65170441588566     
  -1320.1411913177149       -2383.1980565039016     
   211.65074875876806        1820.3452186481329     
  -1569.7955698676383        811.67125025595101     
  -1583.7559245633527        1194.0083889160353     
  -511.69868209372146        414.21540743848391     
   2253.9616781870795        359.72662315690962     
   1334.4086855873431        1248.4718356157180     
   474.85375724723031        1376.6902945443001     
  -1861.0171918767810        956.46289344996364     
  -1479.8315597940195       -1096.4808509317759     
   1589.2739175336831       -1118.1185680971755     
   75.963838972467585        1410.4329447178652     
   878.17721873550897       -501.59135610703714     
   58.506118293353865        1542.5766933302896     
   628.92949484845087        1598.4175718070180     
  -1779.6630501713876       -1320.6628696946266     
  -1555.9806649840898        709.65675759725502     
   139.98125137796245       -1749.2801644404292     
   1070.9700041834974        1469.5449319545569     
   1373.6064221792171        2433.0064694340854     
  -1933.7003391715757       -1248.2267989568847     
   1345.5038641796564       -900.50258558042003     
   1557.1484230878241       -1497.7839501994515     
  -1624.8368801694189       -1580.7837766129562     
   2013.1968240630836       -2465.7609346048539     
   229.70625264153071       -1893.2490896505660     
  -1036.6028370135621        2425.4443549856742     
  -656.35190712988833        467.86667209414327     
   2354.5216233456172        2313.0190603576557     
   1500.9108575024766        1063.8362265796118     
  -624.94044228545533        320.44500191893167     
  -1982.2688624574037       -852.57786501001124     
   2330.5413900275553       -140.33081118651688     
   775.06883898246542        196.58037907687012     
  -2373.8411741320310        2040.6544512461483     
  -612.82829650190308       -458.44483788745612     
   16.834503131233038       -1818.1981750256409     
   290.23627358704630        1395.2101677433684     
   1066.9878662342517       -443.10116489264277     
  -2445.5737445646032        1957.8720436581023     
  -52.327719914562955       -1968.8997333747739     
   2153.2828825925603        56.160319288893795     
   640.99054908136202        1442.0778541831971     
   673.05473388205792       -85.504126087019571     
   678.02436886569478       -311.66959258102054     
   2458.8700970642649        2082.0181843406463     
  -907.76205070712376       -2467.5580611148071     
  -1555.7067588979130       -1127.3277694511087     
   1900.2550018435591        395.14941337769250     
  -1541.6341221120495       -1355.2739786843954     
  -1667.7348360738865       -925.93814142431563     
  -1579.3495853574861       -1049.0263691197356     
   56.211986435020492       -1747.2480397279026     
   1006.5564341517390        1136.4126925718440     
  -2430.7050494305981        190.65300049902021     
  -19.483515081615391       -2050.9173801682364     
   974.32891697078264       -489.43967706795866     
  -958.70224793404861        2296.6643625283054     
   1193.3019816885046        2461.4722191042570     
   1603.5620886187742        1053.1844300351725     
  -1916.4433197503190       -997.04094491299134     
   2078.2336895639955        2202.5199197713200     
  -2273.5593780752424        219.92276754628591     
  -1493.3250812623728        1196.7431267833999     
   931.81597814594272       -583.05484889010995     
  -1823.8818653132444       -960.68386450891683     
  -155.90960448911315       -1664.3461852332882     
   1432.1104913733791        2352.9316775507878     
   1785.9478864687701       -2449.4967170956847     
  -2001.0016451117851       -953.70946703155937     
   1004.5227670017423       -32.868421932543242     
  -1412.9008051177411       -1023.9959934045539     
  -27.113555533134662       -1741.1119147045815     
   824.84889979050740       -144.61843170400081     
  -1663.5055309552488        1147.4131725341633     
   927.20376714335896       -2447.1681727904188     
  -1507.7291024994836        2195.3231257144303     
   2420.9976575856513        2156.3368541870245     
  -13.807427280459629        1684.3351010716244     
   1889.5393267078841       -1176.4993770496221     
  -2450.6873982000761        1769.6517254005396     
  -669.89026474813568       -397.40195184767157     
  -2363.8571602474835        2219.1674231780507     
  -681.58015970897407        560.11619232060434     
   1742.6511515749967       -1335.4293153706815     
   126.00197570678775        1580.1369106490761     
  -112.89989069140933       -1593.4416242138898     
   2243.3511104486756        2020.5023147929805     
   1997.3783712684224        2238.0938117895680     
  -569.65254967028466       -382.54674511648460     
   217.88459147086650        1353.6421772414003     
  -1581.6307526920027        1111.3599107472476     
   1549.6992777836922       -1043.9765022693443     
   119.81546955607695        1787.1111366784480     
  -750.57416006819494        120.79930696062767     
  -244.74156178836071       -1508.0315852769352     
   661.68304063715561        1257.2715470036078     
   612.59748096789804        1771.4872580000526     
  -1789.4336542610827       -1638.2774876418725     
   932.88751723387531       -262.57293647745939     
  -760.05467520026116        467.49860642995088     
   1637.4971230573210       -1192.7206642463118     
  -1119.5700765378513       -2336.3285910514774     
   532.40003551194457        1293.4657601402091     
   61.478709830056488       -1894.5596571721735     
  -1879.0036181092985       -1610.5446718923918     
  -1203.8162658583267        2485.6802069767355     
  -1810.4502928972049        1133.0599151700233     
  -2045.6177183299658        626.07897895084238     
  -243.74682919778417       -1665.7286723957711     
   36.918582064523825        1750.8701149354201     
  -2384.7701572408660        2404.4430039809536     
  -222.30678144288555        1544.9862307039784     
   2448.7530507083893       -142.22665219684046     
  -152.98360559456529        1604.8876592507447     
   620.32545365847932       -1936.5198535169554     
  -783.15241126107674        370.67446923193330     
   438.92793616626699       -197.83877769836892     
   1929.3508109567333        2181.3523615500103     
  -1236.5604293653350       -2434.1863848590024     
   2130.8796883340156        2267.0853496211221     
  -818.32089672694701        178.06717248874145     
   1810.8542788046032        2313.7029989169027     
   88.008695415039824       -1536.6953952576348     
   1238.8171633840655       -906.58185085227615     
   1095.7445988067491       -73.956528798875922     
  -1456.0447649704095       -1604.6098169072782     
  -882.55326955659473        2042.3531340488921     
   412.57798220355659       -91.304430654165827     
  -108.69653476722814        1691.3937932317369     
  -1616.8103878551947       -1667.7334784899749     
   179.45981707841781       -1820.9133918345644     
  -1737.6971216296388        1202.8413739333087     
  -1601.3985211324537        1359.4919163777572     
   1910.8597034428435       -1091.8101577715977     
  -1970.8594704903328       -1674.4629491486717     
  -1766.4385831227453       -1736.1608604170635     
   1717.5558131615066       -1568.2007419185334     
   2135.6688120353474       -1227.5285970616726     
  -1867.4589234644338       -1709.7957193341238     
  -1956.4430720071723       -1161.9637931624613     
  -2434.5833032959158        356.11055567390764     
   1737.1788572102275       -896.94009715236723     
   1903.0999849720472       -2445.6166282050149     
   939.19114190754738        235.76843892243562     
   1993.2186689968501        1965.0630951974197     
  -2356.1870609705866        247.76453348091715     
  -2325.0118839866809        415.77068059672445     
   2046.4547399550497        1863.3595358434268     
  -2047.3824053141523       -1134.0208563353578     
  -1473.6342047450439       -826.78707467207232     
  -314.91239581183981       -445.19366230403159     
  -2273.6100251719995        2034.1196039072465     
   2005.3506386148847       -1069.6193457957193     
  -2067.0738578128116       -1034.1309558195596     
  -2265.1277159835890        8.5444635736891712     
   479.10329086894569       -297.12814995322213     
   294.94291508272505        1875.1174111498578     
   1920.8766503517106       -996.56910226098671     
  -875.91065208158864        340.90237216610615     
   1711.6554638520306        2274.9187984927835     
  -2196.8702960172577        498.58645939353050     
  -384.20690721529837       -1580.1236403197240     
   1860.4639871338113        2109.4986226438637     
   1690.8298678900151       -2387.4969203512824     
   1828.4442060418421       -936.45495561572670     
   138.50200457535078        1888.2284751759767     
  -970.84276854027451       -228.19343123805754     
  -947.34078975264697       -331.13684365287571     
  -990.66969865705300       -127.05004410108833     
  -919.05832353579410       -438.74169475829405     
  -56.725865319603507        1781.1321787957027     
  -992.88617610880726       -21.232743972891253     
   33.905714548776231        1845.7141793968726     
  -984.80880458693628        80.002322944360813     
  -1389.1212565704002       -1534.1760798933506     
  -975.25786734664348        189.54425683492002     
  -2468.1329753576269        2482.8511587998837     
   2438.1704379381608       -2451.6861207376683     
  -1444.9662013925843       -1711.0105933428888     
  -1319.1750874420156       -1456.2490437918536     
   525.92873792982778       -388.38269101780588     
  -1355.5929086980213       -1631.3801819773787     
   596.54925797759483       -476.84231589965748     
  -2179.4489988219275        299.02013769492567     
  -2137.8787237375077        412.97666653420748     
  -2182.2804688855426        181.45803143666163     
   2327.5745025391880       -2423.7791462459450     
   427.64913667244053        1834.2060378856449     
  -803.98471442683569        2114.9579740889499     
  -235.22429063887137        1658.9335385395489     
  -283.27851415661507        1458.7468147535126     
  -171.91271235866739        1762.4815736780072     
  -433.29616690143371       -1680.4695519943380     
