  -1847.6971113767227        1702.1334234836315     
   2320.0691243075898       -1562.7508468065080     
  -2365.2226810041370       -325.94370707798595     
   592.67224598516361        1132.7160711530009     
   1083.5229681634110       -1184.5599300728079     
  -2439.0651164064680       -1711.5629528906215     
  -889.39801487840532        2341.8261072344794     
  -1889.0567654379033        154.12762740525534     
   1076.6057311810332       -2484.2886161023034     
   1791.1503005019263       -1144.9838776309261     
   1367.6885008538550        1289.7873211833316     
   1978.5295821121522        1858.6777446927761     
  -1326.8752451289363        1937.1011354218506     
  -1941.7707706207789        1441.6430952429282     
  -1395.4833645790393       -1358.9110467407775     
   35.302161477968681        1040.8065169242866     
  -1458.6977224149857        472.47598631834205     
  -1843.8085158374054        2177.9090162935058     
   2285.0000643851827        1708.6271881803884     
  -2480.3159647547131       -2250.3598706966545     
   1288.3672403234198       -1978.4720760136313     
   639.55077700962738        733.84614652033213     
   480.42256316636946       -1011.5154737103327     
  -2176.4937572574427        628.84071880988790     
   1326.0424322112724       -1374.9487425484497     
   2069.4406818168891        12.661869565110756     
   2487.3306209266984       -1040.2314632643424     
   432.72463581768505       -338.17510054742951     
   1880.6287843120497        1368.9258327373386     
  -733.44986536371289       -831.56449870514621     
   351.58936962585943       -1985.4137602285980     
  -485.07819236322842        1707.6629845563450     
  -1789.2058030423389       -570.16717537827492     
  -2007.8861490708641       -257.74363415492684     
  -166.79751553734752        513.89064492166949     
   575.21031579840439        1727.2390379410904     
  -1627.0229939075591       -1759.6755653585490     
  -225.19673844646798        2167.4222081730454     
   612.94170453150969        2236.3969357028482     
  -488.71629631551139       -420.62132869177475     
  -2015.1368256054138       -741.44660294683490     
  -226.16198716252066       -1123.3345353496868     
  -615.84737133628232        454.26563396443248     
  -1221.1068564493310       -200.90250555523431     
  -2399.6050832225264       -1997.0230143428548     
  -2404.8007189540281       -1404.2447877854847     
   414.32854445902387        562.02965074409076     
   1622.1492765203429       -1418.2614705931383     
  -1006.6252522531004        2090.6219825073063     
   1728.9172298963317        2324.4691557250803     
   1420.8472457875012       -2248.7932905259067     
  -1738.7117867837972        2469.2702671026800     
   74.717277677643153       -1843.7953247388778     
  -2130.6365674230292       -2092.4400983252126     
   1144.3275809142872        875.00151745245830     
  -538.86630594976816       -1394.8378089760454     
  -1002.4180796858399       -826.75737626058685     
  -1985.9918328420140       -1022.9402062647072     
  -1233.6727021491572        1379.2675249351830     
  -1951.5793201495655       -1344.8058512737359     
  -1133.6206015032885       -1270.7006691009458     
   1093.9674014071570        520.69454728724963     
  -262.19916967744473       -1414.1866787108186     
  -938.65872841870214       -171.04989773776433     
  -1624.9403875899854        992.69599749862755     
   1898.5738527453564       -1509.8303729091608     
   2029.4967022316234        1578.6384455472689     
  -1050.1041298810310        1808.2890201748369     
   2165.9726561968037       -2131.9533364990275     
   1828.1583296414499        603.42250220798792     
  -2129.1102418030005        887.63473295940446     
   960.26713965654153       -49.485674608593449     
  -684.64606351145596        1528.9301923197643     
   2121.3125698662275       -304.82277175071079     
  -2450.8343321396355        673.53112886615941     
  -1820.1126400340963       -1990.2777405161803     
   263.34239314906392       -549.59196251742105     
   275.77946628533192        2155.8125453675739     
   1224.7073172187895       -153.07478274537402     
   1059.2377727315043       -1468.9402429225697     
   1920.1818238382675       -1962.7900101738642     
   297.48097812863557        1148.3781415009064     
   30.301750340199629        2331.7654075179421     
   1654.0427190445421       -2425.2798765882071     
   1271.7145195864587       -416.80716763933424     
   1360.0140578439857       -1653.1091591436507     
   14.963666497211689        2039.3361897369534     
   2009.1147924641180        854.18171191476335     
   912.46842596816009       -2002.0373444122449     
   1048.4625399194772        1950.9849164203724     
  -2212.5498875525041        1442.0144108962522     
  -1246.2125842257606       -984.84762145978038     
   861.80969082481431        276.31392933127898     
  -1479.6320324045378       -129.31352917632225     
  -1394.6293757722233       -457.58806567194927     
   37.824476340008587       -967.47417110935407     
  -2387.3620585879476       -35.467969837471891     
   1345.6932692282182        706.07352839111570     
   1503.0033499796752       -198.71357710779142     
  -2223.8863852196469       -1193.0380643387534     
  -493.38258567753013       -703.08314080196214     
  -1234.2274567149598        1109.3754990751734     
  -1116.6754159427976        82.231369003074988     
  -282.12408721371349        2430.3439575251873     
   544.39003477991207       -613.24839270953055     
  -1.5350741790376341       -668.76232151532145     
   1725.4666565814389       -2153.1333555632150     
  -1505.4761723203508        1703.2876477782515     
   268.41725537303836       -2282.4439314260912     
   983.65936909262928       -331.89296925714865     
  -191.52003568075787       -1793.7301518732613     
   568.87923022686687       -2441.7521084811829     
   840.14300225834643       -2279.8170168191195     
  -2161.6487029671039        1726.5481828038401     
  -1021.2154416281961       -2227.0359316698473     
  -831.55142460221691        99.480893293245828     
  -1909.6626946734787       -1702.8589400160536     
   2347.2612396320606       -1274.4663330264277     
  -1350.2712683902525        867.65598498168436     
   1322.6721100231109        381.67945710516295     
   38.298816335209423        271.30700912901887     
  -2284.7296821642781        1165.8652697568771     
   2090.1255115708273        557.34017011786807     
  -1240.5519966481052        2207.4057918062199     
   756.11713495635308       -1112.7901180281617     
  -1406.0347848574920        128.77871740538890     
  -387.12306282638122       -1994.3966225126408     
   258.23787897845995        133.92793262298753     
  -489.37720719273858        1053.0741845396410     
   1749.1948929868779       -703.11267011128950     
   704.52023011882181        470.45370509440824     
  -1496.9489944595166       -1060.2777026826441     
  -1650.7226766619428       -356.16130942515019     
   209.25027404450046        775.62234646066850     
  -1761.3509141048401       -98.557940258423798     
   1575.5913031466534       -899.28474535511305     
   16.941171213173234        1760.4673830786946     
   798.61378088626850        2426.8769241729456     
  -2275.5724909871456        2305.3238393995516     
   146.33067614266074        501.77672243183622     
  -2496.1237446642681        1916.0480254138467     
   1385.1124139329527        2457.2693514143225     
   2083.1557385078772       -1726.3533192697830     
  -1648.6356208740774        254.93363795820127     
  -670.69530676829083       -1150.5557592362663     
  -1006.9484012899724       -1816.1194690697869     
   1403.0513427283688       -665.66036279033722     
   2118.9783713904944       -629.52874602015117     
  -1664.8706037036914       -1475.0229807154044     
   275.76535518815092        1849.4996349061773     
   1459.9104854270088       -1141.8891693379301     
  -624.14716078714116       -1868.1769624031249     
   2413.8078192461198        2211.5833910802003     
   1120.5800240721464        1135.7520931745507     
   1447.1141826862961        1010.9521997153005     
  -666.12483777974546        1259.0374598716505     
   1077.9343206248907       -1774.4773335038253     
  -1486.6082625796753       -751.08033589887100     
   135.72651700632801       -125.23541599715219     
   506.15368119538965        2000.5121469647390     
   2360.2945439668260       -782.14324195892584     
  -1773.8948164372907        527.31766349338795     
  -1054.3286154027262       -432.50140792953084     
  -889.68454307951538        653.62986710190637     
   962.08304177864375        2231.4628410419386     
  -2237.5929181581982        2039.0044012955918     
   2093.1998626913041        2321.2260421512296     
  -2159.1538015855908       -1535.1171696802585     
   1112.3944564043486        1420.1471932032039     
  -2148.2339584990705       -1825.5142224100296     
  -1940.4402135980229       -2297.5552815754609     
  -968.90004091525077        1222.5024637072493     
  -774.82338458447828       -519.39929138316836     
   471.14100430592822        286.97913572899546     
  -245.29654189666201        1848.7642579362807     
   318.29435791112110        2426.4437967418976     
  -2208.4623861316254        227.50701188422110     
   243.35672013035787        1569.2504909706640     
   808.11541834330035       -1369.6925768265994     
  -1471.0262307975977        2355.9212616584323     
  -269.03161147253888        900.05150774173546     
   1606.5068181739314        1881.4147457409433     
   837.71413385797405        977.28781488112611     
  -395.47695898003133       -55.202715910488934     
  -163.65720970113981        1533.0126727066004     
   2261.8992263547066        1415.8256158075994     
  -1160.6015512423639        2493.2938455847420     
   1853.3671221079651       -187.01995710422955     
  -1256.1921063767788        1630.5123935570343     
   1698.7884442605598        2.8256164009856168     
  -1242.9939611807265       -1922.9470111228923     
   1636.9965255060731        1274.0489137560378     
   64.667074116317721        1346.8647994856428     
   1124.8349985027119       -2214.5121205880996     
   1503.7945510864126        1566.8735215200918     
 -0.31115873377216524       -1281.4641273317452     
  -2011.8749197784348        1136.4619615082122     
   781.83893886850558        1985.8284132708989     
   2333.9109321063770       -1905.5750186433090     
   1233.0259277098226        2217.8659783543271     
   2491.1038833262519        2471.6263471242692     
   444.63752891906813        1393.2428130362257     
  -1504.1181864786947       -2016.0220298951670     
   240.29550446828361       -1151.0598041178923     
  -2123.8365741989692       -491.51653054382848     
  -613.73787667224292       -2172.8129067034452     
   33.822097569230586       -2105.5020119344158     
  -409.87945935183774        1398.1352682735071     
  -1102.8776707040251       -1540.1165791392261     
  -2113.5892726808820       -22.875363043609578     
   713.26390864978885       -242.98689387118966     
  -208.37745126181838        1200.6798257997730     
  -484.99494329474385       -2402.5428074995002     
   1945.7574135740497       -2364.3713745124555     
   2354.6337650074329        1078.6939958067385     
  -777.42009717093401       -1661.8082183695683     
   1555.0150974806829       -1924.5394994018843     
  -579.97194374666424        149.66593368008975     
  -800.62448420091857       -2403.9482449920461     
   856.60900673931917        1272.4061398660579     
  -2440.9777379690522        1630.2204437823630     
  -339.38181766957393        284.83688167482785     
  -917.02331951044698        372.83376776508345     
  -1628.5487222284619        1471.4737693779527     
   2348.0712081929382       -151.59424547967919     
  -2013.2529653589550        420.57215789091595     
   1858.5477233893384        293.30741154313131     
   1566.2519052555167        543.62628322786679     
   2397.8355811474448        148.39832177682564     
  -2493.0871963010786        1333.2232183974224     
   1357.4566344917921        75.681372648280501     
  -110.63845310180648        63.509140760805415     
  -578.39178219071141        2314.0372077827064     
   1327.9795535832702        1917.7548693701590     
  -2222.0478627000739       -2387.8321221734136     
  -28.434531926813193       -2394.8655374349987     
  -1734.0128042054364       -1172.6130557968261     
   2239.4823450370454       -2409.9418039105253     
  -1219.2308407713595        350.18100939611759     
   703.62840986780736       -828.03788980714944     
  -1439.3126139684780       -2397.7459286465396     
  -228.71737240261706       -825.17533867037821     
   1591.5714250289464        248.85908515282270     
  -627.67969768129512        771.45971779523404     
   1716.1079538985402       -1709.4071711656027     
  -853.23372542340348       -2031.9737161717846     
  -7.9590853215341468       -1562.3416004138619     
  -1484.7378784713314        1231.2589451260408     
   535.98924583933865       -1611.2913747699192     
  -736.45300972310133        2070.2000378428397     
   440.91852816780084       -71.047018830312069     
  -2012.0926278496020        2396.6022408447775     
  -1991.6443384873610        1958.4435355052565     
  -954.56465201121648        1514.7239122333549     
   714.81571882148171        1495.9575953786473     
  -1765.2985487576502        1209.5335819864792     
  -236.71302722917770       -2209.0561442688263     
   2072.1613901279716       -1322.9982228423964     
   1237.4121765641735        1662.0386760266065     
   963.27155760024777       -910.48890966286331     
   2277.8514105419217        794.93679011470772     
   680.69348967755104        65.780493262315616     
   1852.0176057101294        1076.7392458594861     
  -1275.5309311754329       -2195.1959377966423     
  -1859.5094488060979        828.12556883892103     
  -464.81621019789742       -999.19458519521345     
   824.34867372005601       -560.28489537339794     
  -236.12609975275046       -517.55749108406644     
   1668.4437790096008        848.27325122054344     
   285.88069101854052       -1701.4611508393598     
  -945.95987856937438       -1082.7047781236781     
   54.407800196183722       -382.72568308726653     
   1095.7553581497818       -649.76764773532921     
   2353.3464311463076        481.05264987835619     
  -1184.2325667332827        630.13012853799103     
  -832.06710486311351       -1399.4312672515284     
   2150.5168397442080       -1045.6485043517630     
   290.93931728567247       -819.46680616559922     
   514.81707726336538       -1328.9478290714273     
  -1744.8744093227626       -854.51708434661930     
   1877.9959307379463        2107.5264860635998     
  -2380.4146636613909       -637.04931712919438     
   1606.2706797690198       -445.64519831795815     
  -50.651941115892861        760.87937118192940     
  -1573.3790214418564        715.97432331225593     
  -1574.7827037731854        2131.9472324244125     
  -1052.5807324093078        901.95121177315195     
   1757.6882638806953        1654.3045517388823     
  -660.35823444628318       -195.28567976073111     
   2114.2995745720546        1192.4005364329139     
   660.17889434034862       -1876.9198591921104     
  -789.65985483741372        991.74112500228796     
   576.39620696599093       -2156.0696897864068     
   432.80753847532714        902.99248131253796     
   1112.8559404333157        187.65413301793953     
  -1196.9300484305954       -663.76732621867143     
  -2415.2723529353725        934.98099167876171     
   2228.8856509911334        2005.9185826273524     
  -2272.8551145008018       -895.26684367407245     
   2141.5271072456057        273.92634771198010     
  -395.22515168686886        641.39877049704648     
  -1368.5644497989781       -1654.9243092090676     
  -188.56343928090263       -231.81311950441875     
  -1668.0001060414259       -2242.4128098264450     
  -2417.1326317782464        370.14279882759001     
  -1686.8875408647928        1897.8197129591229     
   1964.3232967364791       -868.78844603989148     
   1506.7225550332862        2143.9558435697872     
   265.22598751943588       -1430.3254050874320     
   1231.4447542679268       -928.30952195641669     
  -477.61367628667733        2023.7155884622014     
  -418.31421825680593       -1658.6511333065343     
  -777.96197218753377        1804.9195806510515     
   935.51487925009701        1677.1355950734990     
   910.30998567139090        698.54738338709751     
   1886.3405973826455       -460.74871855643539     
   825.36420513067469       -1651.5804322104570     
   2373.9434904617033       -465.02783379367247     
