  -367.45784677711003        1722.7116691305134     
   496.06444266744285       -336.75827367355822     
  -2330.4433870802395        457.36690642011274     
  -940.26009253928896       -768.18903556222449     
   1139.8566214448572       -1793.8708227889676     
  -975.20652763811802       -886.62462070163497     
   1265.9954108179611        1453.0426717932603     
  -200.34501663060314        48.347267957361531     
   622.94811276005862        208.85296130294009     
   1905.6429015495801       -1772.2940437164366     
   2401.9601041606088       -941.41816856240894     
   281.62495419022849       -90.781519248173879     
   1264.5664844649839        396.33373396450457     
  -1511.1775666996346       -1810.7100807625420     
   1135.4952888522726        1590.1043250024484     
  -477.16511346188054        62.790218533578312     
   2394.7284982244914       -1563.9742442436025     
   939.41703035569230        2381.5252667482296     
   1511.9961192740302       -1611.9555703370513     
   1589.6362671180530       -1735.6422933419310     
   375.74347693990512        1993.9957602789295     
  -2001.2046865442239        1738.2147318366224     
  -664.07724818327995       -304.66087743612536     
   398.36781021655423        12.320877237791823     
   355.53696136028924        1661.0288885832774     
   983.01759471646460        1504.4167534756241     
  -480.25101907472447        2443.1618259743373     
   2383.8635685187655        1976.0877930255513     
  -2436.9514926549587       -1578.8154671476036     
  -1907.3143915644303       -19.503272973779247     
   137.35337365582112       -107.86138361666940     
  -1360.9086498678716       -1265.9596364988226     
   834.95825999223064        1305.0493588373627     
   907.10173240184929        514.96056556424855     
  -2037.4461123270823        56.740995533152713     
  -1741.8503387951321        1582.2681649141173     
   1108.3194928626506       -66.237622861180640     
   1111.8377025462644       -1225.9139873003037     
   1060.7874175121358        135.54740165158336     
  -1614.5152879968430        979.58992944112731     
   709.15402471467303        102.25882892235849     
  -2442.0124136000431       -371.52409297153957     
   1352.3513418500270        2498.9025805881038     
   43.483622786198993       -1441.5915192378952     
  -149.96960779930674        634.11993204186672     
  -1482.5425554989788       -816.18051748228879     
  -1906.9797543977270        1601.1284324179956     
   2461.9067686382323       -266.60441972266267     
  -337.23383197236717        1489.9569856238763     
   707.81567102461111       -591.49438472425163     
  -1008.6583263178768        1691.5093141936363     
  -380.34412203646156        491.31213517822914     
   2489.1465344946864        1779.2729568713717     
   1912.2902650066719       -396.49284602585078     
   291.57943992431410       -1033.5964254505543     
   207.29927788485750        1759.2848354519749     
  -1681.8735997620136       -1376.4989404003131     
  -173.82835908608132        2160.3516251640026     
   218.00513893252776       -1797.3735185044422     
   1138.6184351856807        316.82078037579697     
   646.36403327258142       -856.32821412634530     
  -831.86807134432718        2207.9164024875363     
   1887.9889082925170        426.30836867607633     
  -261.20830809601432       -622.49634850805683     
   1070.6097436316961        1260.3886649659728     
  -2335.9371740548208        1280.9609133731690     
   1670.2759024085865       -2021.5229131798765     
   2084.1638348490760        1841.6243864929893     
  -1048.7938709710083       -248.93563986905184     
  -1818.5485409499859       -2096.1176676629475     
  -1782.3313120428138        1291.0089211682023     
   1151.5822761883301        468.73355169598807     
   1186.8735855468110       -2064.3532785424700     
   2199.4228899358391        2380.6219502916765     
  -527.83061628732230        1171.1416136058965     
  -1732.4893068887229        1042.2102893094259     
   1850.7630145867465        294.10739909564251     
  -2111.9894324353108        299.95081312691730     
  -632.55319329841586        318.91733111101018     
   2472.9538848519005       -1443.3454514195619     
  -1361.5512842172543       -2029.7043697320742     
  -1414.5623391924048       -359.37749392760549     
  -325.87424705179427       -76.676974239431075     
   1406.0188387922256        1352.7074554226419     
   991.20644347165626        263.07987911517483     
  -2241.0942620805736        1821.1336602508093     
   281.59873041299858       -1951.2248127767753     
  -451.06688984838252       -1990.8844138893824     
  -2004.5914079211188       -1512.6917953759867     
   1460.8571694386708        1901.4073621662460     
   379.27454860106673       -688.67361521041551     
  -384.99718295083039        1182.3275833821524     
   1389.9571882486321        2199.2364545358696     
  -2303.8129545919110       -1873.8573918339398     
  -1606.5299118855091        67.292269005405757     
   1113.1509537829859        1421.8555755693244     
  -831.83223026162148       -686.53873061361617     
  -610.05403454653492        1905.4477598154033     
  -1228.4117142009429       -1970.3219929224779     
  -1538.5770779959801       -1520.0593976404430     
  -1189.3226557378505       -995.51661182582427     
   1062.5652677171133       -851.91147154958890     
  -454.78775085112244        2054.4537868546595     
   2115.4805211931189       -976.24937593057041     
   702.41262315167000        1529.5252106048506     
  -469.65968250805776        2235.6919598244585     
  -2057.7766955646730        754.26462618071605     
   446.54338257512728       -1562.0236049718130     
  -1104.2416207557228       -1888.5247305278999     
  -508.91125028490137        441.93725917720229     
   1638.1745616542835        1690.8036831142174     
   2089.2470546982736       -1654.8648098827543     
  -1773.9352471472525       -1861.2045438175153     
  -1231.6268652631195       -2121.3840378655941     
  -1453.7239844890953       -655.95639391363909     
   835.78890966739664       -669.43535056076860     
  -2231.6064161779937       -1707.8154808574939     
  -2483.8575434521690        1508.4621138525329     
   571.81896124152672       -1496.7692793583576     
  -1212.4948652367732       -532.51361412367567     
   56.838161704579655       -2141.0255950294659     
  -1217.2815128075119        851.00281070049414     
   275.45894428389516       -1360.3714760624696     
  -1469.8729367538622       -978.74645894047558     
  -1008.3273156473359        2484.5025811121545     
  -374.11735797770149       -2450.8873596564163     
  -1944.2880992493772        847.57639357873802     
  -515.01106192687325       -2404.1212297396455     
  -929.29307159624602       -2028.7234405029151     
  -156.40393088960860       -1635.9800788352020     
   7.4301030340660761       -1996.1215254385513     
   297.38102948616068       -531.28282460783294     
   753.67934585286582       -1156.9680948665334     
  -786.78684486308453       -505.05053021251018     
   2491.5118313335042       -117.93601333148524     
  -87.945424889747585        1117.6497059029602     
  -1394.3146312787801       -1565.7557412156857     
   574.37827999749561        1452.9344172953281     
  -1046.0616991925517        905.78104736530008     
   362.18106867742983       -1804.0015090708353     
   617.06163055782088        550.25340999579942     
   1253.2144678507166       -1663.7618384616030     
  -26.481683298572815        2081.8456336304926     
   843.52719979493804       -910.09286612202936     
   521.57442954549231       -624.75931375101732     
   685.50037769854475        1660.4861880551193     
   1094.1920162163613       -2318.1385181364426     
   1667.1988876634250        135.93263860048140     
  -1478.6619474253075        956.21675502446976     
   1369.9473732192039       -1557.2781308685369     
  -868.97892782477959       -960.76108681733137     
  -1848.1301120498056        958.66129985392729     
   1226.7636059481022        2416.9853481864557     
  -129.00811213513276       -1964.7408630827595     
   975.25673169065749        2.3729569467937770     
   983.61530372987750       -1781.2286752165296     
  -1556.7590404122548       -81.475975029109605     
  -1978.4644972764643       -2052.5594153033380     
  -1690.2227731363791       -1512.4570448928803     
  -210.34173040368933       -2091.5387886959684     
  -1829.0454077484633       -142.96173471191324     
   1081.0996966378091        1770.5348080619494     
   2191.7385907378753        160.48251103558769     
  -724.15278211716918        1440.9900619960274     
  -965.89493468356181        1173.1076371908432     
  -2180.3046142906278        2174.5616707768122     
  -1445.3569428656876       -217.76149986614527     
   346.84659367592104       -366.15484109783904     
  -1081.0427732433470       -2033.7914364038816     
  -1379.8944364217368       -2354.2179181352176     
   1985.8315511791729        285.62137784327058     
  -2027.0951026734222       -119.43544147941581     
  -196.59774683286230        339.86104077590534     
  -2125.0929693303829        1671.4269266555900     
   2063.9612029665932        2003.6809549957297     
   1217.6796741891965        1727.2652412824630     
   2424.8347533461010       -1200.0797294323747     
  -226.75634272678232        1629.7629077963772     
   629.26552406964913        360.57036098776729     
   837.60866926275719        1641.0711922443036     
  -1112.8069688424234        1150.9612154258402     
  -720.06502197279542       -967.34755921824149     
   2427.0680693701461        285.50322436385716     
   2011.5715178283922       -1506.9363032922447     
   2196.8683197507676       -855.45266286707363     
  -554.84484905399688       -2265.3072217008080     
   998.24728248057545       -198.39292844851460     
  -1982.0792665097676        1008.4019111476995     
  -677.94276773977924       -442.32956865191278     
  -32.027882987857865        1909.5640299214640     
  -208.67955648414991        2322.9963526155520     
  -1580.3512999937520       -250.85874260810260     
  -1581.8692399224137        1488.0658495481596     
  -1018.4792827346564       -522.17073151233569     
  -1668.9337682928046       -1229.2644758159456     
   826.09742764002158       -1694.9554699051041     
  -1157.3439636350570        1726.9268028904185     
   902.64277258734967       -359.04917568631123     
   565.48372461505596       -1357.5449533803153     
   260.06249182567069        62.995842509932977     
  -1348.8051071081281        1458.2152401281089     
  -2364.7245230294143        1007.4189788018241     
  -1690.6275788649291       -147.03495397921392     
  -708.27165537289738       -747.10154887481804     
   421.87138964860549       -951.06720797782316     
   262.29591208556599        1543.4393416047442     
  -1832.6349708100381       -1562.5038685900665     
  -1172.1531031158092       -323.75999822250407     
  -958.48181420068465        1855.3932597445923     
   1996.9509988598611       -707.82076842137451     
  -950.38553534029268       -1874.5331714948493     
  -1666.0235731948567       -2366.5457794580593     
   1746.5246758643691        1977.7081943179689     
  -582.45722862210062        2337.0329047811979     
   711.10605874988937       -1432.9344382121576     
   485.47597108701382       -99.990451570704622     
   1321.4880223859320       -2113.7544254362933     
   665.36184237445570       -1769.3108126244938     
  -1563.9328769834685       -1096.6786009801460     
  -452.65325877462379        625.70949817227768     
   768.61126274419007        262.55188305882530     
   1902.4669225045486        2013.6763391716099     
  -1285.7674130695477       -422.20480986122874     
   964.25213332739372        1356.0211306189356     
  -998.67490230368480       -369.34436133313329     
  -1097.9008248083630       -907.71488374918204     
   1214.5952029074128       -1507.7683852801167     
  -2015.5557932796139       -2182.9749626258895     
  -268.61130716446564       -200.41727123500300     
  -360.98544778915942       -1855.2870027476324     
  -897.31377725859113       -435.12441433615527     
   902.43516506390381       -1206.7895863287808     
  -172.38073662985633        1466.8577075775702     
   628.07361659758453       -713.85440090934878     
  -2036.2788993113354        1531.0600995213870     
   2253.4467070684232       -357.17237293732421     
   107.84817911532551        2190.5149288646785     
  -1023.4022973316294       -1223.0718068478529     
  -2284.6044267480338        47.345096551003500     
  -627.87987538125935        2491.6818758946920     
  -1813.8505764338895        770.51806468602911     
   2133.7220820951684        306.23981604322250     
   2026.2631135817676        2373.4613511497409     
   1588.6152379278187       -2166.2802126836932     
   869.66709732768834       -125.49651248459666     
   825.61436129305082       -1325.7829159141045     
   2041.4451430577246       -1096.6854725795949     
   655.99972616433251       -1610.8200702491647     
   827.00335054181744        23.245626822813907     
   1729.4986843201327       -1188.7314883301765     
  -1600.3565504890125       -704.56143100167026     
   1474.4734414674688        2339.5491891734137     
  -34.177927038580044       -1858.4994727225037     
  -861.85656843890035        1265.0819256157477     
  -2387.2827674717273       -227.18749405305056     
  -466.33280037948884        1578.8531652311451     
  -1837.5052317254169        1132.4745657444746     
   1010.9502687752831       -1123.8215771507234     
   2344.0984571159829       -1767.6889970165130     
  -1256.0426962424440       -1474.9051479096961     
  -1965.3826950830532       -2496.3150374668808     
  -1367.3752350760428       -2197.4672058034803     
   307.21736233112324        209.98740582160417     
  -2195.5168188122939        1264.5452051395075     
   727.16192536417464       -977.97572449418499     
   1572.6407515935812       -1894.2532215209039     
  -1403.7706910248103        1085.1000845186879     
   318.88155145333434       -837.96895491532507     
  -1352.2398671528952       -891.15110462653422     
   104.91326382476684        1993.1204887407498     
   1743.8215087761998        2410.2360516196659     
   2459.5741514599181        2070.5882053902315     
   1183.6692968129883        610.35281273348539     
   2167.8916799204935        1532.7349842085591     
  -1097.4205218514985       -1739.8713300066820     
   1336.0534745921302        2328.4455021453768     
   1050.5218695923243        822.99525197183948     
   1105.7772089738614        2483.0468234148780     
  -1723.8048022433479        1432.3868386642437     
  -614.78234683650680       -27.494078792217806     
  -429.82077594651054        1338.7221454782818     
   558.91771627950152        1305.4309003477301     
  -1259.7472067751039       -1153.3962297235582     
  -1194.1442496881091        1420.5660443331597     
  -617.00071721978543       -851.76719693236180     
  -76.206477312972936        434.63631713549955     
  -1692.9805940456170       -456.62547287761112     
   1026.5799253773230        1920.0820765345547     
   2121.2730605244947        26.695960363549670     
  -613.27666329289923       -2131.3147465906031     
   1294.8019705532374        528.36779548228958     
  -166.48470469842692       -89.431799082799230     
  -169.19820229915871       -2242.5408084426858     
  -587.64671687276962        148.97537869738335     
  -1074.6978179952648       -2348.7464294762217     
   2256.7515883443139        458.47885223948424     
   1436.1635054532762       -1861.9708255751857     
  -1034.8156257438739        1299.1444215264798     
   448.93944810312746       -492.26221147748754     
   2010.4930152450656       -258.34549185820612     
  -2284.5311531530338        1137.8280007201186     
  -2370.5197992369131       -1434.9643836435068     
   2436.9537121667267        1628.9076189691664     
  -2461.7282396101696        2174.4207422735526     
   644.57565630697297       -343.91561258886242     
   1070.2786185732959       -1929.9720401070642     
   913.44541153629280        1185.3210183005829     
  -1730.1520360852339       -299.91995082759593     
  -1321.0910990178529       -1023.5096219808984     
  -1104.2360795787965        1557.8481354908783     
  -750.89217825666503       -2053.6524389291162     
   108.25627955617082       -1882.2460542091601     
   2340.9008223542414        2141.7219249594173     
  -2467.6833442134839       -643.22270447848905     
   1738.6535395584262       -1421.0106860021706     
   2372.2444038215790       -653.52588721931272     
   1725.6730420011108        261.45501903655986     
  -407.81050580982958        788.70305121201488     
  -1017.1837774832013        2189.9787188773785     
   2214.6160479057935       -115.50883233037767     
   2050.2920431747280        164.61266204898598     
  -888.37767437701223        824.93223849770152     
  -2473.2095685591225       -1096.4078417774026     
  -1415.8193000971842       -1127.1091908598651     
   1055.4666483184030       -1490.8660977400532     
   2080.5149128273615       -105.65021790325137     
   2499.8063782822187        1911.5336196289529     
  -2095.5494341021626        2039.5351846683996     
   1826.4699676234713        2122.4410973043919     
   953.91741649330800        662.17363035814526     
  -469.42477697058729       -516.03346999321525     
   551.23760454666603        2025.7022148214051     
   1531.4131969836112       -1467.5915180792927     
  -1387.8010674767343       -1736.4859685578854     
   2215.3507283948697        1786.8931279292053     
  -2187.2594047052798       -1430.5176264209686     
  -1415.2821668933700       -500.74776748068109     
  -2218.9075743343037        618.58835813776534     
   1981.0853223098688        45.970486828319032     
  -158.21051425452569        1998.0473506879657     
  -1956.4010136500031        340.57332318380367     
   1887.1311601473799        162.84634225422454     
   2058.1038576866404       -1366.9105350172194     
   945.50132823438878        885.51688929436648     
  -447.35648318893442       -1722.3702476196502     
   1199.5573593829054        942.05062992421165     
   1304.7295452078049        1606.0990491616474     
   2417.0268789464121        28.091928650386183     
   2260.3344881869302        30.274863808409808     
   1146.7457099243779       -1375.2619814741438     
  -276.36193110871471        1335.4276409832612     
   2252.4595515864989       -1617.3947545104481     
  -1550.7999563117753        1105.5214098039839     
  -564.75476295348267        1440.7338002239121     
   1263.1712814242053       -1293.7332254463206     
   2275.9004707473582        1641.7610645142636     
   2182.7505643602585        1937.2575505957318     
   752.93452861335959       -434.94314280195522     
   1085.1791504743078        696.60695738036782     
  -227.03843065366715        1200.7861073023912     
   916.82581438720865        1029.3583085239056     
   560.12609153474932       -956.32701297986046     
   1696.0655057539491        708.50184484242754     
  -1883.9834908424618        122.36672806570054     
   2166.7430010815792        2123.0345871751015     
  -1348.2102451007886       -753.61792352366137     
   802.47306264734868        925.67803404520907     
   2278.4585623942585        290.90722473470498     
  -2377.7075545438906        1412.7533229006992     
   1524.3673130348066        117.36453131027855     
   182.26964165186567       -1659.6675762704285     
   1120.0661836830270        2146.3857316183012     
  -2117.5769233925889       -1985.6701934153919     
  -1877.5884929321605       -2218.1681245452046     
  -1801.9344899321618       -1713.1306392295799     
  -1300.1758263803133       -268.38930429320197     
  -2247.1332929788209       -2476.2773120387988     
   865.10202873213302        771.84142636191871     
  -2246.8588814567952        2310.8895357060346     
  -1222.6866161668768       -710.14457843162313     
  -235.80730650186294        497.10450633518536     
  -2112.4262096714497        1877.2374641529382     
   1409.6428937351047        426.52299649729758     
  -156.19773384912727        957.11115915547043     
  -425.58036066187543       -645.39201987605782     
   2475.1693361089151        1357.5427724588903     
  -407.18547346537667       -2295.0839886233093     
  -736.14269857798570        2359.7795932746326     
   1408.8732811880066       -1716.9636637074802     
  -129.30176606629624        1775.2577088181915     
  -1980.9590478105843        1139.8306271450047     
   1498.6896687733949       -1331.6129126166325     
  -1947.0407702198145       -1653.4836626960339     
   504.94596587378055       -1692.0248895170537     
   1222.0270539815717        2251.8641495824077     
  -2057.1420067112986        2278.8949713869783     
  -1911.0428838358634        1264.4572987046902     
   105.09858072875573        1617.1905967562818     
  -2398.0796713717714        587.65371733338509     
   2423.6787833444614        2250.3642149654179     
  -1500.1751658465901       -1968.9696122655648     
   875.41384830389745        1929.8766384345670     
  -120.03481388457156       -1490.7212015305081     
   1900.1808754241420       -1143.1293416430401     
   1564.1850530323252        385.30097624201244     
  -1377.8627078539100       -1886.2238345823728     
  -774.85091361899345        1586.1212901385472     
  -90.475845374627170        2425.7571840539445     
   2259.0205241536105        2246.6125873159322     
  -71.885622744104992        1629.0798852469470     
   244.65176601509756       -1208.2112024912610     
  -44.950524494577735        2249.1893693542474     
   1296.0706735869990        684.12699096044514     
   49.447238956478962        1781.4078966572251     
  -586.83972410324463        1296.9897561280902     
  -1092.9671250594074       -2181.9953563307345     
  -2205.5891340528051       -163.27383193233908     
   805.20885905849616        2059.9470721059906     
  -733.42615402301192       -173.26366353267940     
  -821.32118756870227       -2302.6449343844297     
  -669.69159390201526        472.65834070037346     
  -2403.2664296478829       -2425.8572289066178     
   2475.4464562626040       -1698.7941636504561     
  -274.78520000058847       -1961.7530015953753     
  -2328.4765948158392        185.97484791543016     
   2153.8066240138401       -1494.6082197479680     
   2104.9911128581330        2246.1358934445748     
   1184.7477846630604        794.48815221696202     
   567.54342194893115       -1209.8503273188185     
  -1877.9315036141518       -1955.6883863864959     
   1216.4426392565515       -1929.1973168283803     
   2098.6757176144424       -582.80396377461329     
   1641.4944206112345       -14.362387683741749     
   1049.5999975143689        1121.5997064729752     
   382.16629018028902       -1156.8580372089616     
  -1632.7574602100412       -2100.5074602949157     
   778.15155834350185        1097.4817457594993     
  -1544.2389163162452       -2249.0237632555909     
  -2241.4717607572984        1407.5480809173191     
   1091.4387173352043        2320.0008977197949     
   2289.6569767967590       -1447.4907974464979     
  -1261.7230386325839        1591.6335950763446     
  -2467.2589225728429       -1873.7865034901185     
  -1668.5588341813400        697.90376120618737     
   1914.3946995318390       -1401.4712568194693     
   2465.6053660692910       -786.03859634957394     
  -2278.4468969056943       -2178.9754002349528     
  -1182.3209836971052       -2473.0946881629266     
   391.61242544874841        1430.5257710311296     
  -856.95232835412321       -1107.5709991786971     
  -2051.5087037937055        1271.1591554806118     
  -2007.2204900524082        199.09917985739133     
  -156.37279145369769       -445.97269118646693     
  -349.83290377400846        199.10132366953164     
  -2147.9195770204815       -2277.1220280010498     
   872.56293766047770       -526.01302508103583     
   1812.1458598460763        1841.7246916924910     
  -2494.9076525283485        2381.0949613188322     
   1571.1843104977936        2004.4787254439177     
  -672.60416099068664        857.31935480871539     
   959.93153983919706       -1603.1572771480546     
  -1612.9664373104983       -915.98684461248047     
   599.68641949535106       -487.25512902691059     
  -280.98587924069687        1060.8864464126732     
   1836.4004728674051       -1515.1419370058366     
   906.55294432606399       -1443.5537002569799     
  -324.79432728850747       -487.79682009388898     
  -2246.9707860954777        2004.2068075050372     
  -1911.6187572435167       -1803.7527448964242     
   1951.2078580188936       -553.02350668010172     
  -731.38746439497902        1302.4283172587679     
   1583.5318044774103       -2343.4004101380224     
  -321.29164688790030        2209.2464287829780     
  -121.13798882385889       -2414.1070330291877     
  -698.66241987617195        1732.5460443318857     
  -2061.2447829474795        602.19895635204591     
  -2120.4785916297074       -1609.4204339915289     
  -2162.6174085397333       -1843.5338059433452     
  -2316.1458281367086        2141.7877886021579     
   1986.3907669824350        1596.7641959265009     
  -857.51470708467639       -89.687826926022609     
  -1722.6391712331106        877.05136804618724     
   1211.7283269537845        194.19850273790058     
  -278.41550604734505       -1737.4176088634852     
   1646.5714783978169       -1324.4394909878213     
   494.53484897955030       -1085.1251168055333     
   1724.1427218276169       -1825.3196743109304     
   1428.8639016870354        869.93509112090362     
   2320.8596579152199       -230.75475530014293     
  -1843.7576832082257        269.03883199426747     
  -763.96971253592278       -2437.9266309969294     
   638.54284466741399       -1083.2426673873786     
   1437.7883874339057        727.82904582678145     
   2185.8295347746716       -1103.3708065972421     
  -1315.8844632005691        965.79477410897994     
   83.328784158904512        341.22480579585471     
   2266.5463766998046       -1229.7647975695972     
  -2132.8700869218096        2413.3145854218155     
   1716.9197150663781        409.25866375111428     
  -2323.6994796769886        1547.3491300248620     
   1358.8548619544433       -1405.7206326311880     
  -897.51149444863438        2036.0101888690845     
  -149.32201740254328       -274.91309782610449     
  -345.07258549097389        349.85732395458098     
   1045.0806858778822        554.44946915997843     
   1569.5130995530203        798.40205932103538     
   1059.7666523776716       -2136.2717247161763     
  -348.61425254973267       -2083.5017681441313     
  -1736.3811001256595        154.65912080612375     
   1480.5363362398277       -2034.4199238651015     
   659.04241064651865        973.23503264248575     
   1447.9665612960312        1538.5100691950381     
   697.59609774167791        1941.6371959671153     
  -1681.8803112736591        1177.3208099166882     
  -43.133971972984639       -176.48075976079940     
   1334.9857000425384       -2285.7297819259293     
  -310.28057558029587        642.76169096677870     
  -1806.2018703716146        611.18113004036024     
  -414.91153214813659        1012.8685096102666     
  -2386.0977439521916        2282.3578769845535     
  -191.33966376663730       -1840.5205481217292     
  -895.50153903899309       -576.49538673596351     
   2319.0762236932492        1871.8319776795213     
  -678.72661269610319        1000.9708347355897     
   2114.9848918320008        1688.5728705625074     
   435.32633538213230       -1278.1467633781283     
  -1222.4792564432244       -850.14861956457059     
  -1637.8658829849144        1334.7997326371164     
   2263.6540067250194       -974.16440853568383     
  -515.91692667055906        895.14508933809554     
  -2087.2888207365854        910.01169236172905     
  -1547.8974507830653        1248.7552726280246     
   1371.2159891460922        147.65803560864833     
  -1536.1572705221058       -1661.8101239330776     
   2456.9355871429075       -512.41437463246041     
  -2046.7691833410329        440.29507791839677     
  -1247.6033443852016       -1813.4813577831846     
   778.34039725839534       -253.70263920063073     
   931.26618975936344        1786.0931296599797     
  -2485.8187219309953        163.75065778512308     
  -1654.7966029720887       -1777.3767526905160     
   2340.4249287338612       -1090.7837043628233     
   1409.6343453710347       -1.4816083428984876     
  -1348.4622685297818       -110.67900083821732     
   2398.0798578448844       -382.35337516211166     
   845.90585347741865       -1859.7325411027352     
  -746.16899605533035        40.480160771292660     
   767.73662835463722        455.63224747667977     
   2305.3861420014455       -2489.1872972231386     
  -2284.2824195601775       -1569.3176344857620     
   1196.3199913785481        1870.5944843280240     
  -1190.2261859378348        1275.0821670750906     
   2069.4105760482662       -394.59192984178713     
   794.85000224298585        626.37378963077049     
   1534.7780157824100        956.57523846089305     
   1568.1671550493131       -1176.6102947242450     
  -922.05039722362926        1554.8446805421818     
   1001.4560633092374       -1330.7436396206579     
   396.99343998473660       -212.20237293439979     
   68.269879115199444       -1742.6730712105668     
   1318.2178466273569        1957.7008204527865     
  -1716.0521358453932       -2221.4579428201077     
   1199.9330084366043        1099.4329015536680     
   2113.7031855594551       -1223.6603967157987     
  -281.81511048136440       -342.94513869979454     
  -17.731247078425795       -341.65685915879448     
  -628.44898763439994        1582.8628556957499     
   2364.0814371585834        1747.5470257516345     
   129.91543881109354       -1319.2196246499875     
   2349.5166896551918       -91.669058837866672     
   1928.5621004099737       -1621.6884572739489     
   1548.7118818553511        2472.2837502033021     
  -2270.6058193587314        1680.4201411799961     
  -788.45827645424936       -350.55405752836992     
  -2433.5180191184754        21.876203757971773     
  -2333.9246097571991       -96.540062605202465     
  -1693.5584814233227        318.49976896162548     
  -969.56509503031043        1033.4196075665541     
  -47.408282577907528        244.20977041821598     
  -2416.6708111414896        315.71122386507648     
   1830.0017846726334       -1288.3460001267636     
  -321.80558021598591        903.28851302607427     
   1963.3989334526764        1752.9663832065269     
  -2057.1550521808663       -1748.2510550679585     
   724.58758967467679       -101.50895532735528     
  -2309.3513991823825       -1282.1810982596091     
   465.61191951516105        259.99089021626037     
  -963.89811246058071       -2237.1611248253726     
   1589.7886176497782        253.96010616741881     
  -714.36322050948650       -2216.4751479335910     
   1851.8630554500235       -242.71881901531358     
   977.47961232602597        2054.1426670925157     
  -851.09271249770268        2456.8810359814220     
   330.65094029950035       -1663.5913814900123     
  -77.400952925505919       -1736.3949411603544     
  -303.12780205365857        2044.3921488049257     
  -1087.9097267123425       -771.74829417984051     
   239.00011307017925        2091.5251131956229     
   223.47110227350927       -2145.9507636022004     
   149.36587811673459       -2015.5948669608397     
   1021.0833815276702        408.08427384337313     
  -1332.0748407807789        1317.0661386810864     
   1352.3196684541088        1796.6597869899945     
   1470.9556714542400        1106.3596530585685     
   1398.5248141066352       -1216.1723304252564     
  -1757.1077656221814        4.3524744933968629     
  -881.69696360914645       -245.45352080611531     
  -548.39130443177510        1035.9753885906850     
  -855.19663695943746        1718.9458373185216     
   2235.6908481922401       -639.97223992600971     
   880.42965673254491        356.12896165080758     
  -1387.0361982825284       -1402.7242037675328     
   2360.6838468691594        2369.1358185330014     
  -227.81617757989611        777.84440183295658     
   858.06131647250538       -1057.3757747206694     
   2179.4947974018341       -473.94775354350907     
  -1447.3392251591099        1578.1688941420634     
  -824.94165792598858        1100.5832911763564     
   1956.8235533278621        1894.8413975246176     
   14.071232752098975       -1603.3996941719283     
   1556.1456433055318        644.22468221840029     
  -2166.4138352441728        149.58471073794934     
  -787.20707250772443        1876.0250903427195     
   1863.6072774141530       -24.932544580478805     
  -2253.7555081132778        900.67621617429540     
   499.08245126910072       -803.34972651348983     
  -1028.5712178010453        1435.5898035717494     
  -1663.0388661552970        524.39432238406891     
  -472.92544521146482       -792.30391293690468     
  -1122.2266863858717       -1110.1317647256565     
  -1622.4411261974915       -1915.5242341461899     
  -1004.9003255506201       -1039.9448884978510     
  -2253.4329598460613       -2016.1644878935274     
   2349.1534750696601        153.27087711739469     
  -1010.0335015511212       -111.80140380388583     
  -8.6649631815395232       -40.154571044189311     
  -2178.4136306397240        475.74374309574836     
   2158.2648192735378       -251.61163235641439     
   2042.8864431775064       -856.10844049478442     
  -731.58589931463337        2032.1037184803017     
  -767.62574847006476       -1899.0614568180706     
   2312.9392602098237       -508.07391798207772     
  -553.93777632752597        751.27047395918044     
   1944.5822532960754       -979.42311891002100     
   786.36809412056846        1806.3809266201149     
  -1208.9553986637986       -1292.6021882275509     
  -2396.6868350397372       -2053.5685415863995     
  -1173.9969634374079        1016.5627366394922     
  -2425.9727187946919        1645.6919424743187     
   2367.3075670331900       -1332.6721325584133     
   592.14235526596133       -206.26408564346730     
   972.40869674458645       -2442.3048943837239     
   1813.1365755734807        1684.3440515459681     
  -1552.4514785005767       -542.51815948083265     
   30.728451531681657       -2437.9713290873174     
  -2469.0702292069504       -1304.2439496205850     
   1697.9595717719005        549.49473692652498     
  -79.599260138673387       -2118.8429737148135     
   110.60733290241774       -2287.0596901934896     
  -1853.5369986974865        1456.4270777069787     
  -2357.5798932291600        1909.2378779520718     
  -682.09634337678301        2215.0274242976939     
   844.63143220758172        2219.4957765183885     
  -478.89011300969582        271.92760219238568     
  -470.72540513878073       -87.896470735976791     
  -2173.2220288996659        1024.1690026917047     
   1800.4790879712377       -1037.2748761593973     
   2003.4723447358772        2132.7168890439975     
   1878.2413844135190        572.27373024728365     
  -2447.3026780262758       -923.14983531423809     
   2193.7688585391229       -1345.4971471677859     
   1341.6207163367067        997.43247042133248     
   2264.3476217712368        2034.2826941230599     
  -2014.4765732968795       -1896.8525008789734     
   645.19116566444291        1793.2385966150853     
  -1101.1274103613362        2357.9996776966359     
  -590.21931565695672       -168.37945587190745     
   583.92207350314936        1139.8986906481048     
   304.88057819797342       -1514.8478456061600     
   90.489185244532976       -242.85527557765727     
  -1511.8659119669455       -1239.4755368388635     
  -2103.9718527705331        1397.6865117561995     
  -2378.7430184314799        1775.0622037170392     
  -849.07590491383780       -2155.5514311259617     
  -605.68781894379424       -1991.0220253394282     
   1209.2813048707451       -2221.0376356203174     
   379.59563270230154        1821.5284274434491     
  -1814.8786325721539        434.51419297994676     
  -579.22709539508799       -686.01216220422248     
   603.49268647471342       -23.731092901833691     
   1269.8034842248092        2104.9601444139325     
   991.49550558290889        2207.8653419555189     
   882.13024676802672        159.99796511581340     
   1322.3801722599142        281.82330668657107     
  -93.831713871074683        1308.1874333942671     
  -1220.5514540478011       -2286.3299469503286     
  -692.69401516344624        1159.5194005637359     
   233.51865484195898        1908.2015575141545     
  -1959.8108359523997        1394.7232031957240     
   1152.4113507640343        2002.6189515057708     
   243.83277154903996       -241.86795216446833     
  -812.49908996061936        946.60562859888739     
   2139.9661462936483       -735.44997550407663     
  -926.07628689548892       -2395.8952480130251     
  -409.11164452196948       -221.13067085436850     
  -1417.9659081075092        1218.9360684646913     
  -303.01017195532478       -2214.5369304359806     
   531.79421862303036        1877.2413864635939     
   1752.0100507124744       -123.19851422412910     
   1413.3571070743039        586.52231080593901     
  -606.48453190411726        609.05266382067157     
  -256.60307333986282       -2364.3934937837630     
  -1183.2063167585275       -159.31902830743863     
   1225.3777196108972       -2399.0125564429081     
  -930.51463252234009        2334.9335087410850     
   2477.7706720092219        436.50778752808446     
   1131.6839255400232       -1020.9089283636456     
   1949.5598907599724       -124.52120032725566     
   1456.4117293453330        278.32627181363898     
  -554.01701648209064       -410.22201225286472     
  -468.75463587969489       -2155.8830348224728     
   1627.1582085492862        1846.9129666406782     
  -242.01169521201362        2476.8366251340158     
   2464.5471897217431       -2332.9817423836153     
   1785.0449965065432        77.449877867659538     
   2047.7173084739195        430.31789092655055     
  -1258.5325552182819       -1653.9535389430478     
   714.14647080343707        1385.3094044084444     
   1757.2329563230910        2253.1787993007988     
  -1476.0399895634605        1387.8004924246857     
   800.33218024706446       -1546.1573830671891     
  -1320.8297996780473       -606.27797791150886     
  -2378.9068515198701       -1732.2607728736409     
   1881.7597604164348       -839.92932416957160     
   499.71115398977167        1570.8981729388847     
  -2284.2340625291404       -2330.5910198681108     
  -38.383272705548194       -2277.2598690705090     
   976.66003362935828       -980.17910197829053     
   165.00281556516015       -1515.7976634935039     
   1438.8654985335875       -2385.1692100726277     
   1065.2760168930420        977.41280254410208     
  -416.20693870188347       -376.33487972615291     
  -535.87013105641643       -1856.9057941599929     
   708.74610327287576        775.56391324448373     
   921.74318100468940       -795.82243736505461     
   109.20946350450434        44.549457856621167     
  -1676.3619367077602       -1644.6755404750077     
   2321.4928917291618       -799.86775393985226     
   1469.5658621517177        1705.6224213892081     
   1612.4956265700530        2296.6514985993244     
  -2407.2147042132610        2033.6484908406003     
  -598.09284120927373       -552.36989228917878     
   1920.9488738826853        2261.8254212902248     
  -1118.0847181420986       -444.37889634952353     
  -2336.9461964151669        747.34188149894885     
  -714.96830239400799       -609.66089271954786     
   68.566139907996288        2375.3866409347779     
  -878.51898885781247        1406.4969732724783     
   708.48332857056573        1233.8083247082084     
  -299.93368353418805       -1584.1892946215180     
  -431.04090182040738        1886.6460924706189     
   2352.4152729420357        1497.4980739691614     
   998.39354336431950       -654.34727687056795     
   1542.1699779809221        509.75074009025411     
   1104.9288276891125       -1645.1728691507615     
  -1408.9534305393347        822.03504984302651     
  -2119.7181832547462        1145.1699972032068     
  -2273.1846176684253       -344.21157870662154     
   1243.4505589901528       -1130.0932884529986     
  -2254.0619952430329        322.07894211561864     
  -2142.3301372248402       -2126.0193200856002     
  -999.66057635366121       -658.48828489790731     
  -1268.8907319670986        1146.8388635376036     
  -343.81278388655829        57.851972722979532     
  -3.0611522539160498        1481.9504747254477     
  -1530.3139947091381       -1379.4099430390295     
   2461.7434442897720       -2485.7960310923904     
  -1924.2006591139286       -255.23311098965769     
  -2182.0670655864769        1537.0837931334265     
  -1490.6555043708129       -2109.6461942765000     
   690.10091717744751       -1282.8138441074921     
  -524.20287087290876       -281.43589343769486     
   1666.7854870350209       -1558.9166293740893     
   1293.9626241886840       -1809.1161913318701     
  -1931.2685712806679        524.20082528502621     
  -253.82780414385314        1877.3584735331892     
  -1728.2680622449061       -1998.8554932036900     
  -2359.1631688166899        2428.4641686304494     
  -2186.9847053581007        771.93002196296675     
  -200.98184524827519        190.86062914010841     
  -804.80315292721514       -833.66143951934612     
   989.77206863567460        1648.2885245754794     
  -359.67453437880664        2364.6336517407417     
   423.59818847231645       -1415.3791511328056     
   512.35266615434273        102.60138457935754     
   1217.2119973389711        1285.1922196071955     
   132.12225479724430        191.70951114004856     
   761.39269204691800       -785.98061221798037     
  -659.73534642716641       -2352.5950066847608     
  -52.803369551745675        95.373903504789396     
   1214.0927123244674        48.792883681240333     
  -1551.5781266964052       -390.43025816291072     
  -2418.0496919024940       -2225.1628582465364     
  -1124.0053199105080       -626.43325562771327     
   1764.6916867110540       -1665.9524269895185     
   513.94772739154416        1716.1436789333322     
  -2157.2175174113163       -23.068651140808647     
  -591.94402645242758        2097.5775236564937     
   1533.3745028944725        2168.5414540692582     
   1334.6407055577974        1176.6061340341805     
  -2002.6652464735419       -2324.2735737291650     
  -1581.0379158496276        826.56960762300412     
   842.00075633590484        1475.7718324602556     
   1440.7835587997174       -2187.2483239372505     
  -1933.0694843652348        685.52315886061433     
  -546.26389798412572        1740.5233028918271     
  -2109.2039024803976       -2435.2636765547245     
   1345.6964240422990       -1974.2075222556782     
  -1864.1666086838111       -1408.9599528644214     
   1426.3220872304732        2057.3998014236395     
   1307.0805533390371        834.31000711261674     
  -739.61029824776813        714.75806667438371     
   952.10414660170818       -2008.4939193885343     
   177.38286427688701       -377.54533294868048     
   1673.5276615860275        2118.8484683754732     
  -1841.7023062759063       -2363.1163260520525     
  -2103.6928051543237       -275.83763947027342     
  -2379.7203131322735       -511.93771472405507     
   667.94518670427544        2129.2034256635652     
   504.26003923764932       -1856.4568031498218     
   146.97389236792097        1401.8950940166337     
  -2449.2864289034324        1170.4965463876817     
   49.535128831091868       -482.54514703387895     
   1976.5402426929111       -1255.7690878302619     
  -1501.0484862422804        673.88363855174168     
  -1105.8237334811004       -1399.7086197258593     
  -1117.8411051594610       -1583.9464881629544     
