  -2216.3268202235818        480.21914392929204     
   364.65240670036980       -2384.2952015634696     
  -1041.3412823240387        935.64114372081690     
  -1788.4499488919446        598.43746315651879     
  -2414.5350571844738        2363.7897553918783     
   628.71018820762686        2001.7342175810143     
   847.31395929930000       -1186.3331521255257     
   477.56225144443630        18.263650117137612     
  -1534.6131484972682        1020.3980232611352     
  -1179.1071299964547       -1998.6377252597529     
   1376.9909063874566        658.22364494057877     
   164.72269277313248        314.65365093199193     
  -242.47200394788010        2209.4820478086435     
  -1142.4834057615531       -2404.0960876680165     
   1330.3177279226106       -1091.5397483705806     
   2417.6492038189440        1576.8683983537080     
  -1642.9876551090945        189.99286227982563     
   2138.6615301381421       -238.89625036677566     
  -1196.3075980432279        1386.1412334051811     
  -622.44203196968249        1827.8336594173436     
  -1310.2422466381934       -113.88321436276203     
  -924.54021334643562       -318.98582723888944     
   420.21289635509379       -935.98010749077184     
  -2384.7503244621571        1950.4467257259712     
  -657.30932693002615        2312.3173188352484     
   665.71742877569898       -382.39794402236544     
   1289.3306633588361       -598.92409624008064     
   547.17741815047475        541.98774445084075     
  -2069.4365843219603        27.803443078291863     
  -2034.4778141420568        963.08255398255551     
  -154.45308066194096       -636.77332165788778     
  -1526.1617032668235        2133.4273458072366     
   2058.7267325244052       -2325.8795339607541     
  -679.08049697765250       -2253.5258806933384     
   1087.1827219901411       -193.97866471257808     
   1365.5349046004424       -1554.2712899290973     
   103.59719447721416       -1977.3715396613190     
   2144.9100362837157        2239.4363654606964     
   1864.4084529584611        1428.7410664541808     
   2178.8159756070872       -1051.4077326160316     
   1677.1032285266654       -801.26347551646722     
   2483.1568777206444       -1769.9382701466577     
  -2140.8498033758610        1416.4737365815811     
  -350.61303181473613       -1941.6030899511843     
  -1598.0830980133583       -2374.4783898291798     
  -2047.9413252188640       -2229.5540164423505     
  -410.76846266932279        1435.7869547945522     
  -1697.6326090159027       -327.77248368458049     
   1373.5894378029932        169.57195231188885     
  -282.08748659789899        395.03622830250794     
  -2080.1289821531677       -1008.9504903887566     
  -1086.5198766416765        1793.2004347904003     
   2162.7081890377290       -1449.2460014888034     
   233.79511488558967       -470.82398490382292     
   1685.4673152257540        2384.6112170170804     
   247.34075658496536        1765.8204423221041     
  -2348.6601249435494       -1333.6433676769541     
  -2434.0690652975845       -238.60719949894226     
  -1325.7367755272817       -1554.2227380156439     
   2492.1857308819262       -2200.5437677791406     
   1904.5135912775418        114.73856586080470     
  -336.03032210618670        906.91948719244840     
  -50.399894808100363       -89.985552611804835     
  -1289.5527010142625       -1101.0369284422920     
  -720.80539965286846        571.50673093732348     
  -1774.5308413781165       -1376.1184832993772     
  -1079.6484905593004        2195.8420418518608     
  -790.71881342631127       -1793.2245245370359     
   1610.2871586055649        1896.6930382505166     
   2050.1570468710747        1829.0133778917593     
   793.33741371784208       -2231.4443291173693     
  -897.33960745942932       -1304.3099744320486     
  -150.42252628979742       -2363.3354533069642     
  -65.744558130561771       -1542.7357051978811     
   964.16473653829416        1188.0950888765215     
   95.454542993223470        781.55977405513829     
   1896.3919610254136        997.59387923341387     
   2354.4002822504017        1168.5723377565696     
  -159.08044655801137        1773.0798672536152     
   1375.7649443096821        1516.5399564297056     
   64.011895028799103        1279.0387425597605     
   874.10056726880566       -758.00245112558525     
  -1970.2309325463259        2316.5145435275822     
   1623.9115586600426       -269.04138100492384     
  -838.56867173723413       -779.88418711955239     
   1582.2849395322735       -2000.9097087037903     
   1296.0466426150633       -2385.9928737047785     
   2137.9067596181153        612.89111399925605     
  -629.90983611348133        85.734732141434591     
  -1669.7366652817645        1490.7631303419971     
  -2066.6949391373419       -1776.7126936367717     
   1739.5488626757606        505.59616239359383     
  -2085.6477147748874       -516.69146876278774     
   199.25702955115869        2215.7432120843682     
  -2498.9949877725280       -747.68233430215219     
   1435.7995395847436        1085.8772721973673     
  -1687.5893355388662       -845.66798742325102     
   839.90700178885140        2354.4827968942973     
   2011.4780641733978       -1908.7124437666143     
   476.92414105592411        1054.8260823511227     
   524.81521078986543       -1876.6975890520221     
  -455.58676657105900       -967.02777244581330     
  -473.40996589541925       -346.45256119142402     
   601.38707526552128        1496.5757117078872     
  -1296.4941810131290       -639.15973248603257     
  -3.2379657207293924E-002  -1083.1954566589823     
   2050.5369469487978       -644.23934589939108     
  -1094.4606178563649        266.10956274773446     
  -713.18021282917323        1170.7906459691162     
   1132.2598323614168       -1937.4117380803705     
  -2492.3861240779083        776.34039788995540     
  -1643.8605912215505       -1901.5404185380485     
  -1881.4682806110959        1878.3326279787807     
   862.42071069218571       -1591.7838523970686     
   896.76792372098134        230.46877442008054     
   1746.5388665844910       -1349.2051831462300     
   949.15504958498298        719.36178352727359     
   1234.4519084880412        2132.4381329152757     
   357.03282244072756       -1446.5601764672215     
   994.60262950531842        1724.7532372649912     
   2410.0221136200903        223.68519569591115     
  -1333.1934542351664        620.30669223041673     
  -476.01795181440633       -1428.4956757288071     
