   521.52201587391039       -767.59160998544985     
   787.24328459979688       -806.63322700848096     
  -893.38251764892595       -867.65385217546850     
   788.78676974728978       -468.24998942457069     
  -786.20925624201686       -903.42739158068377     
  -447.54556380623438       -618.81412497809390     
  -913.99868457243690       -686.05218992907180     
  -531.16117407430647       -768.45562929696325     
  -642.14792014301622       -354.82260721420141     
   131.53991211338069        629.34915052500708     
   348.90810949305978       -712.34217887877060     
  -358.01315688641381        246.16111584389182     
  -752.70504015854442       -660.10028722317190     
  -50.935295009565380        344.93670250820833     
   956.08257259414006       -509.45717407803744     
  -906.00725594277219       -771.14500983444236     
  -632.53342978965077       -457.91297740521117     
   457.30493145501202        945.57895582125286     
   183.55796287123951        423.54674385966467     
  -949.49753105934212       -379.10995692506384     
  -226.47921748311677        365.32105428505469     
  -145.09276855717758        333.88377644229683     
  -805.52565336581995       -401.43656921321099     
  -764.74496467677466       -576.36179211918352     
  -538.89410050569586        526.51526707581490     
  -720.10750355879804       -828.77336398597993     
  -672.86308582465256       -691.36043488851681     
   388.18979628400024       -609.67824728880555     
  -972.14542137112028       -460.08532834196780     
   428.58862188932551       -775.80619487128945     
  -268.23257704337334        457.42960331396750     
   410.00271799372814       -948.87102889336904     
   640.22728295314982       -668.02690479336400     
   364.95174724295993        737.22770405020947     
  -311.08202118876130        388.60498250085084     
   952.04493216932644       -419.79476555639877     
  -151.79951801697729        208.57049486776447     
   237.71939119474359        636.77673005512452     
   26.761401158611356        490.90577947254627     
   945.37118103032526       -338.13049295119430     
  -18.349232476990313        424.62917354307297     
   998.01767919841529       -646.17954622575951     
  -89.190050350565116        268.21894096712293     
   37.992179891073199        358.02683077163601     
  -377.48243457053621        331.97112700123699     
   916.65624570466252       -240.12326958214740     
  -448.42641999558577       -430.50037660580011     
   910.61937662141111       -675.39857747989845     
   580.01045462754109       -596.03759200794468     
   84.277616872608121        435.22720204615541     
  -441.26031838307028       -728.62128013920210     
  -37.406060497768451        198.01743302386291     
   761.29559279543196       -574.01520243270431     
  -338.00377297794950        604.97504127098330     
   199.78943992288808        338.43799624312817     
  -23.483365825198423        557.06105115452601     
  -466.34826698685356       -526.66487069443485     
  -357.57844580323098       -662.41568502813095     
   679.35129368497110       -831.60486039272871     
   400.44781282331240        489.13468920852802     
   292.46092092695653        235.65852829107669     
   837.07693019082865       -543.15896045587590     
   142.16563601506687        165.53494379920886     
  -604.38732085028460       -632.36582707512264     
   458.35226909427303       -685.93257923930491     
  -536.83378915576452        311.24433513021262     
   431.27648589115051       -513.08939801524889     
   612.63930455801119       -752.24804521571104     
   714.20125605565465       -508.18946436597520     
  -84.210278322434860        489.25792456581024     
   292.07643248418873        825.36826238514720     
  -594.33834672865532       -714.31982271248967     
  -629.90783119859589        465.70893799332759     
   60.937287228084479        210.10432011875389     
   732.55197676928151       -653.03013261771116     
   141.66994614510199        494.58566681123864     
   184.96067647728123        801.73026655548426     
  -460.37219883435222        367.06871878368668     
  -812.85236925011384       -801.44933469923910     
  -449.86393063424168        275.12461499742238     
   280.59490225800522        322.59034755330367     
   394.31998528872509        832.39068727732183     
   707.36442080090819       -737.08304955103847     
   562.23659170669453       -339.52828847409739     
   998.80530189945455       -730.38913056111278     
  -175.60296829178728        517.14661639576138     
  -786.68056360073865       -487.77203747924932     
   121.87932929374929        363.83428720732024     
  -618.79000175178442        247.42769643974245     
   27.057510565422319        115.90726914000140     
   667.12717917304701       -339.54581546172358     
   7.6646024133417843        280.14497335804185     
  -434.10247474100964        555.83881441899007     
  -183.95091375904263        435.38104709277189     
  -113.74682681853039        582.52870371005349     
  -576.48775885822249       -850.99476163375596     
   83.844435227389766        553.00931656326179     
  -367.39836163569043       -541.75589599616364     
   193.23263741280192        251.19894819434802     
   107.49236845952002        282.52966566750973     
   265.07580661359594        407.53292165371369     
   844.44809723177832       -314.44064931215621     
  -547.62880256262713       -393.11368260221263     
  -424.06452245999373        176.72124848046963     
   181.02028334427243        704.23101603963835     
   272.41886696216841        727.47892442634850     
  -543.67155386341574        409.61940680914347     
  -877.59962416372127       -447.14157762779996     
  -108.79874300474052        408.19099623697400     
  -536.78281127854848       -583.00448786438210     
  -518.66280295231911       -671.68817683925852     
   765.15638778171297       -379.57559132439474     
  -912.93295334525919       -605.37581115861042     
  -701.62589172824221       -518.71626048358416     
   188.96328588980910        565.18830180815405     
  -290.12989091050218        305.09488260002865     
  -264.83144613488139        541.19901756129229     
   894.71816378618280       -769.10994976556537     
   535.67794455820399       -513.76502457240372     
   833.94258208454528       -626.55605355362707     
   35.082944221450163        628.37619315810662     
  -464.52642719712981        461.80193451795037     
  -684.53226643634150       -605.67456093577152     
  -745.88789213584596       -324.67903908548158     
   476.66511319854925       -861.14916024099193     
  -98.793145510231810        121.00084818854165     
   882.98107533164443       -480.05508014077475     
  -662.80271718527661       -906.01970402079360     
  -457.92861121242242       -835.75801257116416     
   751.38279085087527       -275.59220029080149     
   366.73314845722831        570.83584727811865     
   282.75527521473725        563.06817672742955     
   671.16605450844690       -587.54163304620533     
  -549.39802897985771       -490.03604421523522     
   392.45276004487471        216.90796207787179     
   232.95179469168858        491.90837343141749     
   806.45709776408705       -707.22289227065392     
  -266.69576270142659        216.36744115979909     
   917.46024031313414       -586.14462869578460     
   501.67194773024221        838.53540311856432     
   580.76735984487846       -848.89489706623374     
  -824.68121737723664       -714.76698286490023     
   857.24301384111743       -402.13122638494025     
  -843.18021101051841       -545.71941782411386     
   688.84864259765402       -429.87482367398343     
   77.682185344870717        720.66649535263014     
  -716.52220697822861       -428.80090588835162     
  -990.85843639044276       -567.52813817737820     
  -352.51500190975491        498.03804195271857     
  -619.76809257519949       -548.15643491060007     
   369.58908983378143        315.77945114293891     
   596.61457901203141       -432.59613370344573     
   490.64295913281279       -424.49590179340811     
  -737.89027255249141       -744.66045782093681     
  -204.06941449429934        277.47958465068956     
  -920.04887727108485       -521.20680203791903     
   549.45942170235367       -678.69716173907580     
   356.79658678070109       -848.23975004418139     
   627.07012500188375       -514.47237748124280     
   490.39301750010725       -598.05129555192843     
  -634.40245741455237        355.23898912334090     
  -644.87113732018906       -782.62252494362338     
   463.99521926747065        739.96542972440727     
   348.90937792867743        402.86437759263839     
   326.03155939385141        648.99159554373773     
   246.10329546000128        151.08974620548989     
   565.51198410623726        544.83492398635667     
  -833.89063159730154       -632.20133015228896     
   533.40396094997004       -953.37757955758502     
   317.16035158017553        483.86855039618234     
   435.47698286671977        400.36504806238281     
   342.30941114079866        933.66503021772269     
   417.57798639588799        653.42573417683525     
  -388.46021418286387        421.19313195730695     
  -522.25329729766213        202.38902238444555     
   470.85664026967993        304.71790903234802     
   489.56011479453548        480.81291396484062     
  -212.86826902785452        131.82622123613962     
  -865.27125136157917       -326.86757211344809     
  -968.81370214584842       -282.70114278471294     
  -327.25233980183793        140.49906807823714     
   458.26714303569076        569.76582299436859     
   542.52582642487107        395.73441978091120     
   523.06986117530823        651.30600024145622     
   997.59635969000590       -824.54547073725769     
  -209.60766458196244        621.94386177631918     
  -58.051223176983477        665.39052114663389     
