  -334.55037021830242       -200.12550055587818     
  -516.76246714027275       -137.89684966771995     
  -382.26572950002503       -82.961620188107744     
  -446.93508853829195       -246.54251292847357     
  -382.74722176043480        56.151777947942655     
  -440.10297203543837       -377.28164927279249     
  -320.09774445977280       -328.84858366041590     
  -314.19814275285461       -462.15224036536699     
  -572.97968572000104       -280.97347703544574     
  -449.25388937666526       -515.70596504371747     
  -209.06932080933686       -255.97774039144417     
  -260.92793587288787       0.76775317957650646     
  -394.88910581483117        188.52708039742291     
  -259.96228769842691        133.57184561227768     
  -570.17474787826336       -420.17653818546808     
  -581.87629360316203       -584.85238715052765     
  -238.07483203220940       -123.65865152285788     
  -500.19047894074214       -6.1307087052311022     
  -538.96508172623760        136.76892082372939     
  -718.46019153308532       -303.24798167253272     
  -126.52549137079694       -47.035187120078554     
  -101.40621868959377       -172.95797334225566     
  -130.97248081547434        82.164585521864950     
  -145.87793851908643        223.52100245519182     
  -283.29612238384698        272.62677042456835     
  -334.82812714138475       -614.73645105795299     
   10.430867822930573       -3.7146384805203123     
   3.0926708905959455        152.11151041460943     
  -493.12951908475725        297.43586532363122     
  -660.76012511775969       -152.91150972260417     
  -179.96849560887003        386.44044303285750     
  -645.60237282890841        4.3671396442176844     
  -711.57866729421346       -464.89724333435328     
  -360.76551910906807        398.79484282506189     
  -191.34446487593127       -393.94806849480972     
  -182.48688129916360       -546.67281628668184     
  -79.447394123689364       -306.11116554249389     
   39.015893528568782       -153.60038663431175     
  -46.154945386958019       -455.42041434517608     
  -24.298851378148498        316.56297256541876     
   65.841366748759313       -312.12639912770300     
   2385.9031722689369       -1249.2408973012732     
   693.57467152825689        1992.6371982857274     
   2178.2135073119916        296.38578172514650     
  -2398.3708215726269       -1377.2335371295094     
  -1613.3371382446312        1745.8616122710168     
   1036.3264509648177       -1473.7996752941042     
   2450.3305310134510       -1380.1554967368429     
  -814.58463107316629       -1938.7796451108593     
  -1808.5678891746484        1599.6465067804952     
   1148.2834045721415       -1547.7785871537271     
   816.12473995437801        1949.9234563136781     
   1300.9014648671739       -1638.1324292740687     
   1158.1305673123209       -1693.7356967713595     
  -726.95892582529586       -1855.2116597770460     
   2233.2635550813793       -1227.1733077515589     
  -1753.0694669252321        1717.2433086424303     
  -1009.0110219579354       -1831.1247503557402     
  -771.85500673613171       -1733.7128959906711     
   803.36290427339645        2091.2250481619690     
   964.97242857808033       -1362.8395467102919     
  -1525.2709680927585        1636.7225130302393     
   1968.0909936987766        453.19002583046171     
   593.64457192951181        1910.6092280994530     
   2296.9481740870756       -1366.6726546498091     
  -1839.9495124049267        1814.8399713189519     
  -2479.6824014781050       -1492.5769206502034     
  -2251.5465570611163       -1155.1065806000017     
  -2274.6119814141830       -1426.7804811903650     
  -872.94588467727726       -1829.1042116115273     
   1158.0732947077731       -1401.9398225168968     
   489.06060951168104        1843.0840066125229     
  -1158.1721879570182       -1828.5062575359373     
   1021.8041843493459       -1614.8050321573776     
   940.94554871267724        1900.6592970381289     
   2322.1487803362056        357.16492116545459     
   665.73610228058624        2123.0100442531084     
   901.50056133044973       -1474.1581284228744     
   2490.1721748525315       -1144.4862366424939     
   717.18021457567318        1855.0385271033133     
   960.86416851260299       -1217.2402490615646     
   1834.6717003120559        435.62627599280370     
  -711.69145349229245       -2009.0768844366653     
  -962.09946717039645       -1564.0815209413286     
   439.47625744735649        1964.9262081836487     
   1073.8307156960727       -1301.3974678707812     
  -1066.3641200618231       -1965.7015673887595     
   610.69291656120845        1776.1047438173098     
   417.91519880124497        2112.9262619555989     
  -970.25385948950327       -2085.8342437803799     
   935.09908942576908        2038.8924913481424     
   546.92337920167006        2204.1894842272845     
   2187.9741196718301        435.27412218258922     
  -937.81314641030201       -1954.5831624246848     
  -1706.1750611148420        1848.6073807263811     
  -2371.9957992164082       -1215.6755968511675     
   1033.3860031898816       -1772.7679259903339     
   1919.9480256024772        332.66923467866212     
  -1722.9827350869573        1494.1626483191578     
  -2392.6627877533083       -1077.7296201825880     
   2062.7288844554814        368.86077540727268     
   2143.7180119936133        647.47048593304669     
  -1812.1519376164242        1950.3806124232556     
  -1775.7938425527514        1360.8541706704657     
   2274.3939307326273        550.16786333074651     
   2281.5205680029230        177.15146728488216     
  -2058.3431620431879        1957.6301388744339     
   1000.3894763080843        1768.2296859121782     
  -837.00845254505191       -2061.4939212526833     
   2371.9209420291181       -1489.3675766976276     
   1882.3739239644726        204.63190894489807     
  -1639.1016967714429        1378.6417114487599     
   1746.4706157886637        183.11418846128510     
   2001.5437736894010        623.69509201986750     
   2017.6176203767473        247.56295910275051     
  -1897.7949365345801        1701.9066073421300     
  -644.35295973476127       -1634.7076372130123     
   1086.3132319416638        1928.7152680555105     
   1196.6629544796147       -1247.6764808156831     
  -1586.2795460182417        1510.8694465143328     
  -2268.1525909833199       -1296.0140260834323     
  -1933.3185790524717        2043.3329237029754     
   1787.1970589770808        313.89342040396372     
   1083.0516337804879       -1154.5163947739147     
   1766.2403324087718        557.05108952214300     
  -799.96145101939794       -1589.8934346433364     
   500.54797243446075        1702.8113253073911     
  -727.82751403400562       -2147.5004516801682     
  -1940.5863105982935        1897.5981965656692     
  -1944.1279577108173        1577.5815779086940     
   330.02684225266631        1885.1210462445099     
   1893.6998801173993        553.32370496963313     
  -1667.4074701851746        1618.2429854938591     
   1632.6936019171283        559.10492665944457     
   552.86974983842038        2036.2105610115013     
   2346.1518972881927       -1097.6132347126659     
  -2121.8530595625402       -1225.7274219760461     
   1862.8437308949178        680.68056756186991     
   841.86057691022052        1803.7415429463574     
   1071.1313280088768        2097.6409200476096     
   2294.0023057054027       -1656.9524869781358     
  -2082.3626454411883        2108.1912148612646     
   918.22324596855469        2195.1072651702284     
   1278.2426930935644       -1489.2767746609832     
  -1504.5557106465560        1391.9759630087858     
  -1672.1841945228418        1995.0341132079968     
   619.45617402610105        1634.5906128343981     
   734.74064358770067        1713.9984015143323     
  -2352.6089705182012       -1529.4026548617101     
  -2268.6916876195842       -1018.3318734880860     
   2433.0361173269180       -1607.1339019486159     
   1997.8623465868939        770.95453949004968     
  -616.48458553863657       -1926.1561364273155     
   1705.0453449733154        432.83160229655965     
  -2478.8927517782304       -1275.4515470715569     
  -1210.8804499798605       -1981.7447915696148     
   385.97221382659842        1767.1790518299504     
  -2208.0708117826812        1986.3775799202158     
  -621.45832221198782       -1779.1952430090687     
  -2122.6287975531386        1839.4102351035717     
  -2117.6023959140271       -1061.4640116473404     
   2082.7747020243310        515.30559435994076     
  -1071.5791316174907       -1691.9545588207095     
  -917.81120406917285       -1707.9972554811930     
   1653.0916224230928        299.99794318325240     
   890.13642822875306       -1604.5806697251139     
  -1460.0809876005239        1773.5664832317987     
   254.69638289404975        1747.9354198950348     
  -862.94425719664946       -2191.9985051495282     
  -2045.7566407558468        1662.1187395191569     
   178.60708564026643        1888.2839071840992     
  -2181.3221368403192        1711.4861197619155     
   1307.1587700060866       -1346.2606224838048     
   2474.6030637539575       -991.54688090145555     
   2127.5080610580785        171.87031939356024     
  -2438.7742928426078       -1640.3668345908336     
   1993.6657600353881        112.19945150154253     
   783.04364920099681       -1404.1576301016948     
  -1862.1911686440476        1470.1987295080155     
   766.88621759558862       -1536.1025428787570     
   363.61587863377366        1635.3750940888915     
  -1113.8241359541860       -2115.9013567080533     
   851.61388150715106       -1297.0997544307604     
  -2001.0433120596952        1785.0320995140867     
   758.78158285055440        1563.5709961431514     
   940.05519815582761       -1070.7807168436163     
   887.26223275604514       -1748.9500284331425     
   882.55452230291701        1659.9509648706019     
  -604.42146688877335       -2081.6800889376441     
   750.01012737515907       -1683.9502398456254     
   285.48257564317441        2025.7870641648681     
   2433.4514441785118       -1758.7114840133036     
   487.51464267163976        1565.7105692344649     
  -2280.7506670000598        1837.0293406573819     
  -2381.4097722667666       -913.42887781215029     
   1851.0619827174044        65.857570416535737     
  -1443.8071787880710        1517.9556123761727     
   812.30711569675600       -1156.0549109555534     
  -2136.1975564197146       -1379.4393704207132     
  -1558.2763390049865        1890.0632287068515     
   2137.1015373195705        29.181947361064640     
   697.10162620484641       -1269.2820416044542     
   1719.7517134054974        684.27388384188180     
  -1365.6067620854005        1649.4220221757876     
  -2289.8891882119942       -1663.6687223533277     
  -2192.6425500223331       -889.69347735854012     
   623.60761504006302        1484.2027996221641     
   635.27957442894376       -1419.4842326330975     
   1597.5101353905525        153.03271324141258     
   1705.1898788292754        29.934153875004309     
  -1362.0214116642446        1350.9607375236724     
  -497.10077752220116       -1864.3301872999150     
  -738.54701647087415       -2296.0508962727863     
   1570.6910576532516        423.22075267883440     
   1504.5238449162593        278.76292084823194     
  -2182.5180617717619       -1544.3254391971248     
   1077.5091955564039       -995.44502920105026     
  -498.63691165282182       -2000.5347410753982     
  -1504.6073345320408        1243.9116643097636     
  -1794.2577267035149        2106.7530687872732     
  -1009.3534561190665       -2231.2498682949513     
   622.78600628848346       -1579.7800519786413     
  -891.49535824615634       -2343.5572330547011     
  -597.36063507843983       -2228.8146817984557     
   1217.7279147718202       -1084.9544374531470     
  -2401.6892291944669       -1786.8249381180301     
   336.59888339539032        1488.2682737468836     
   1342.2029262580625       -1189.0892645635881     
   1484.7506952688689        553.10889832810631     
   214.04714446774673        1595.2396265565546     
  -487.30527028757967       -1710.2582802008064     
  -1662.5684936861473        1234.2496730812370     
   750.78131767989373        2245.4259938076480     
   106.12314134654093        1725.8031248776729     
   1413.7378654652348        410.10587038126266     
   1829.0911949713102        819.00329691904028     
   2227.8176305790789       -1509.7366370574996     
  -2025.6990180388602        1462.4055337482953     
  -1933.6530481972427        1338.8055471728649     
  -1823.2704359065676        1216.6369893904473     
  -2148.2047900419971        1555.0572908790721     
   1970.5886318205617       -37.867321583015602     
   478.83374419978543        1411.9707787958193     
   1561.3998064640482        694.31465065558109     
  -1292.5389848723387        1499.8518845226872     
   1664.2548923121376        825.34342403727931     
  -456.57861959154212       -2146.8169044316460     
  -352.76092542463272       -1997.1673178780934     
  -354.95049224501076       -1827.7008117243470     
