   0.0000000000000000        0.0000000000000000     
   100.00000000000000        100.00000000000000     
   200.00000000000000        200.00000000000000     
   300.00000000000000        300.00000000000000     
   400.00000000000000        343.13454905323329     
   500.00000000000000        293.21654201175750     
   600.00000000000000        284.65522656793019     
   700.00000000000000        286.43308402351499     
   800.00000000000000        288.21094147909980     
   900.00000000000000        295.15838538439073     
   1000.0000000000000        296.93624283997553     
   900.00000000000000        202.10582928968154     
   800.00000000000000        195.15838538439073     
   700.00000000000000        177.87176857968768     
   600.00000000000000        129.56763307674828     
   500.00000000000000        101.94184337263317     
   400.00000000000000        79.485640118224126     
   300.00000000000000        46.690263964402931     
   200.00000000000000        19.064474260287795     
   100.00000000000000        6.9474439052908679     
   0.0000000000000000        0.0000000000000000     
  -100.00000000000000       -100.00000000000000     
  -200.00000000000000       -200.00000000000000     
  -300.00000000000000       -300.00000000000000     
  -400.00000000000000       -451.69586449706060     
