   0.0000000000000000        0.0000000000000000     
   100.00000000000000        100.00000000000000     
   200.00000000000000        200.00000000000000     
   300.00000000000000        300.00000000000000     
   400.00000000000000        281.09951165676057     
   500.00000000000000        257.02943686381502     
   600.00000000000000        238.12894852057559     
   700.00000000000000        250.24597887557258     
   800.00000000000000        257.19342278086344     
   900.00000000000000        264.14086668615425     
   1000.0000000000000        265.91872414173906     
   900.00000000000000        258.97128023644825     
   800.00000000000000        246.85424988145132     
   700.00000000000000        224.39804662704222     
   600.00000000000000        212.28101627204529     
   500.00000000000000        158.80729431939989     
   400.00000000000000        110.50315881646048     
   300.00000000000000        57.029436863815050     
   200.00000000000000        8.7253013608756760     
   100.00000000000000       -60.257179940887937     
   0.0000000000000000       -139.57883414206370     
  -100.00000000000000       -239.57883414206370     
  -200.00000000000000       -339.57883414206367     
  -300.00000000000000       -439.57883414206367     
  -400.00000000000000       -281.09951165676057     
  -500.00000000000000       -257.02943686381502     
  -600.00000000000000       -248.46812141998777     
  -700.00000000000000       -245.07639242586652     
  -800.00000000000000       -252.02383633115733     
  -900.00000000000000       -253.80169378674213     
  -1000.0000000000000       -260.74913769203306     
  -900.00000000000000       -258.97128023644825     
  -800.00000000000000       -236.51507698203920     
  -700.00000000000000       -219.22846017733616     
  -600.00000000000000       -201.94184337263317     
  -500.00000000000000       -153.63770786969383     
  -400.00000000000000       -100.16398591704836     
  -300.00000000000000       -57.029436863815050     
  -200.00000000000000        1.6138715385364435     
  -100.00000000000000        60.257179940887937     
   0.0000000000000000        139.57883414206370     
