   2171.8119306385124       -2174.3009800296977     
  -1.0723996981219557       -1635.0454326310232     
   205.33671405470022        286.73756602453818     
  -1048.1950931638378        1779.5484461693486     
   1175.5260441725447        1661.5042880529468     
  -2364.5392723813484        985.37915503612976     
  -2249.2063395348237        1049.8980132602758     
   55.271753718994063       -1514.4124193023713     
   71.827049296322556        289.33292871183335     
   2285.1622270946209       -1971.3872070904856     
  -1124.2761615192453        1660.8475642975964     
  -5.1497998501986189       -1759.6952132165816     
  -131.20088225558752       -1663.6895437137907     
  -1371.9311917555742       -749.70923641770571     
  -2363.1055308515092        845.82616978148553     
   267.37781864964995        410.30423271644730     
  -1100.2792254515502        1904.5338922512394     
  -2458.8232425664060        1213.4689434784752     
  -2243.6686952373989        919.20009319296116     
  -2234.9084521560403        781.43681525620821     
  -1258.6824767768994       -678.87751821575682     
  -1143.5790460795590       -590.11413648823964     
  -1005.1633774990620       -637.38770778411254     
  -1257.1408251108105       -230.64019610417370     
  -1049.8431813472057       -472.98197730100082     
  -243.69947573605245       -1573.4625941575534     
  -54.767127421141801        305.32269557650943     
  -1376.9758774605411       -482.93301304334636     
   1864.1927509179513       -484.95504422442008     
  -1160.1469945925105        2035.1745670329888     
   1142.4729682465259        1522.5107595628981     
  -12.395671180592107        172.10026376800639     
   1051.1454835873640        1616.5802672227353     
   1145.9467863945367        1391.3112374892626     
   193.42698970590047       -1513.5436494248172     
  -1201.8456897387757       -438.06278146980429     
  -1119.4541636815054       -318.17459520716596     
   2005.3698647316978       -483.53128647843107     
   3.7080813715673182        422.42240611489763     
  -87.083894426537597        531.52625397779479     
   342.56800298556675        282.81225554150404     
  -1186.5037807575623        1791.1291043767512     
   2061.5324793449377       -1942.9545021220626     
  -2475.4359875277719        1068.4218641700086     
   1785.7022975850832       -588.07196525060056     
   183.31673516028880        526.11273618990435     
   1020.4041420735479        1469.0939054770031     
  -1029.8514645402142        2023.1186115317314     
   2291.3485029789827       -2106.0232814924652     
   2293.2415867675531       -2245.8315687101531     
   1261.2031159623280        1563.3772160123513     
  -1383.9924833779205       -617.75785753306297     
   2050.5350589646673       -2092.3608466327819     
   332.84779140164375        551.02978891593523     
  -272.03047765729389       -1727.8568312498994     
   1398.6994580058365        1555.5810695488674     
   1219.5887923602527        1792.2688220781747     
  -142.62289743404955        403.33298226237730     
   131.16430342696634        405.82868202830042     
   1930.1492616907540       -362.11071059479599     
   121.36279404629229       -1390.6444203453952     
   1299.1640988699426       -433.39753190927337     
   1314.1588689762541        1690.1639896078850     
   2187.9612777208699       -1883.1857247018461     
  -1319.0080822849307       -364.60331478960831     
  -73.866304136605990       -1913.0693315190531     
   924.21590721071868        1569.6740396685259     
   2086.1839533251396       -1774.5248712167952     
   124.48100944711362       -1630.5351676823493     
   2156.5640357230091       -2325.0641331460697     
  -901.19999619290763        2021.1596158875025     
  -1982.5514742252260        975.79451289075655     
  -1256.9478686854295       -822.36755511230342     
   2365.5671956611814       -1870.7026168678290     
   2170.6019361708595       -2032.8475151212253     
   2065.5946172330564       -352.28426702529816     
   1468.9678293691750        1690.1474787538330     
  -26.320332235484422       -1403.7004095102977     
  -968.58774442868491        1900.4058994631216     
  -192.61688268526586       -1425.0090411501280     
   249.72991210683210       -1642.4756252759209     
  -89.897956353005583       -1529.8541956586243     
  -107.61389541314205        674.18674948585135     
  -1343.2117101391727        1817.7210850763463     
   2092.3768464391092       -605.42389718016955     
  -2125.0229808139543        1011.9314839861854     
   1981.9384260834490       -232.24725506523220     
  -2115.9644720917158        870.14944836899292     
  -2493.0324995623896       -1947.2536921967126     
  -1234.4383578056268        1924.8689748176052     
   2487.9051483122125       -1814.0964296930158     
   2401.5464470556685       -2018.5403177892902     
  -136.19706629036386       -1795.7198470984119     
  -981.89450697780580        1654.7196897351812     
   413.65293421558516        417.07338267055007     
  -2359.8685985218226       -2005.8262287747320     
   53.507459844991345        549.42181732333188     
   2262.2704095981408       -1761.0564963170059     
  -2374.2031911939375        698.11138519973315     
   2168.6078535473935       -455.19825204210235     
  -1268.7288464984933       -548.77815661672400     
  -1281.7035207618230        1672.2378185459752     
   1708.9372339272029       -460.50836824791367     
  -1205.5420492164174        1529.6413776631200     
  -1476.6979238181843       -398.01590896500636     
   1278.5066797856011        1431.1365156426918     
   1556.6856157082696       -501.13875799214395     
   273.94103587794956        161.69658938929587     
   53.549174877176931       -1877.6259327837197     
  -2479.9537555235629       -2081.5425245576603     
   195.50575989306600        48.721446823177303     
  -836.35728503731684        1903.3027374163175     
  -1497.0723166972919       -545.12106226963760     
   1914.9805014376552       -2035.4608059291975     
   2151.0362653602938       -233.44540572789572     
   1438.1636969066062        1411.1184997023468     
   959.22909113697256        1710.2627661585877     
   2402.4273100747455       -1694.1508665291556     
  -2196.9179902497085        1165.8989137496635     
  -2352.7811340137259        1128.2232394029097     
  -757.50761524924974        2023.6188343130959     
  -2307.1507268464206        1253.9171489898499     
  -2377.2617436048308       -1864.5476479134406     
  -2419.2163808031451       -1697.2439157961014     
   58.531233089991794        691.52832101156673     
   214.49281475986285        668.00829431244847     
   1603.7992650568422       -374.19882788455999     
   129.53987074708468        170.14274981750739     
   2410.3583975000597       -2159.2231625774325     
   269.37404183752244       -1400.2493214613035     
  -695.17480172632111        1894.7653566160434     
  -1278.2595892369918        2109.2929793309954     
  -2229.4126674904683       -1927.2559486585158     
   1888.8063178151090       -108.12630383657361     
   1992.8630525006247       -742.93812366417501     
   1655.9927554222375       -586.15878599519408     
  -2484.5194042987760        919.69289387604920     
   1829.9141466006574       -729.49425212766732     
  -2468.1985992112532       -2221.8913903175899     
  -913.72406764978211        1782.4406785489546     
   334.78325590137541       -1530.0704714914175     
   332.59615500960507       -3.2914070169288014     
   2396.1806997048129        1156.6609837933493     
   2424.8850651747480        1317.0008123839268     
   1929.7155377915869       -605.75054651038954     
  -833.12547671995208        2143.1444539267409     
  -1046.0865450101485        1518.0799178150469     
   42.868221628838214       -1260.8264959116170     
   2421.0903899959490       -2303.0639745859548     
  -1424.1001468043626       -252.82325292982145     
   1154.3161612107592        1248.9242525096945     
  -841.35330351808545        1661.9338280276963     
   52.146359502550723        49.440570533565300     
   131.82881685644602       -1755.8819299855752     
  -2358.8830610138793       -2146.7996649773245     
   1843.0753125054296       -246.40773370035927     
  -972.00932896151858        2150.1661192027022     
   1322.3447186593492        1291.1084433965020     
  -239.58270212649907       -1905.3404502021033     
   202.31855359108704       -1258.1060450458622     
  -1605.7616675869838       -468.68018515377872     
  -2417.8743726201456        1363.1954985164041     
  -1137.4324898084819       -736.22694736081610     
   993.49133552827345        1844.3264530205788     
   1087.6141867904491        1754.8378847656661     
   1374.5056683567307        1825.7089615852776     
   1126.5275139694540        1892.3954489797582     
   1674.8669807351291       -731.46513636275211     
   1409.6651900199583       -564.19779326733226     
   1450.2908694900875       -414.54542428573700     
  -774.92574805402273        1780.3572232352608     
   363.98181963379631       -1279.4095949097191     
   1527.1000779113931       -663.90758831455264     
   1001.9694398931213        1319.2732201687534     
  -1496.7512867527053       -683.68565268955524     
   2391.0948331174409        1004.4573715817463     
   2021.4366357014767       -2234.9369411464745     
  -1368.9060556211325        1980.5133494675633     
  -244.22713119637910        521.40519986711070     
   151.87185445041027       -91.562430142530786     
   419.10914682861795        135.48016043766407     
  -2220.5065826721907       -2089.7718322951137     
   1739.2011283764107       -157.22440879265849     
  -1109.8160437239451        2155.7047029965961     
   1707.2792492568949       -295.54585111788356     
  -1484.7298392892590       -823.97759801825021     
   2296.3019599367190       -2399.2986877908074     
  -1129.8279978366684       -894.38855164163431     
   1605.5163189196087       -211.68148605433697     
   854.07990281619129        1805.9863540339038     
   184.76847257531028       -1883.5037003409720     
   270.33971403698706       -1774.5347233565387     
  -1253.8001707627625       -990.63346077938525     
   37.448785126699782       -2024.7788278471010     
   826.03107738024505        1667.7887685521841     
  -1372.7691435502268       -899.13555280489470     
  -643.57067118233317        1725.1493970858101     
   2497.6914175233146        770.99150867208391     
   381.38063962681974       -1666.8488726881151     
   875.22830048195397        1425.9909471251788     
  -1619.3129889460022       -618.26388009930042     
  -130.33528861497592       -2049.3199462674311     
   2366.7441346092119        853.31221006037697     
   894.01758555569222        1939.5027764551223     
   742.30641648822132        1922.3527614869336     
   1023.2837423687429        1986.8487008577736     
  -890.54972271866245        1521.4027357741277     
  -719.20069936808738        1582.6938132911944     
  -2235.9424314516991        624.36072681742814     
  -1607.5162103219254       -767.43457873562136     
  -2100.3050799021503        709.68018893375177     
  -118.39972568559821       -1281.4338066517357     
   1495.7613576489573       -288.86530585762898     
   1610.5719171679377       -61.237883493719693     
  -2418.9659272622716       -2354.2140549600172     
   1160.8019391653465        2052.3004555412549     
   1802.4092564230161       -374.61890503809855     
   1770.3124525507053       -6.9537082078871171     
  -2045.9803843068235        1137.6490845938372     
  -154.45563766166532        222.87889863161769     
  -1554.1672445691061       -947.56386803897146     
  -1580.7826080697548       -296.91473773633072     
   1269.4763549044067        1937.4759051487986     
   323.21234507448338       -1935.1556438013492     
   1462.9981240508596       -138.69428773726352     
   843.28680344603299        2076.1085575314610     
  -1040.4064545838492        2292.4051132168433     
  -2264.3305657263973       -1763.7058742431348     
  -1421.4778745799192       -1040.3547210484146     
   435.23408266305859       -1418.8192256314655     
  -113.46248062673176        66.941347841926856     
  -267.57899091983666        331.27739307340289     
   490.71247104299499       -1561.1839833729014     
  -2130.9454749290480        1291.6267349651930     
  -1214.5251421520375        2261.7810627503732     
  -2279.9199235517221       -2269.1261808061595     
  -2255.7895533223232        1395.6656659490968     
   191.16216606019125       -2032.8967766867781     
  -1977.9954146226630        809.95090125883303     
   2453.5610397413848       -2451.2117333176770     
   414.03928478040950       -1817.1380327403858     
   705.66470809299835        1755.6720293562348     
   1002.8859107349563        2133.7054829228728     
  -28.032910005737989       -74.647344419209716     
   1347.7507139236425       -270.66732549057735     
   756.06687790727165        1539.2349214061649     
  -998.42316211393597       -800.53104088665089     
   494.92793651028524        278.12358791365733     
   2045.2019219426429       -97.874859106698580     
   1935.6783979896247       -1866.5389651946923     
   534.18821757996261       -1716.3163752773985     
  -551.00126179479412        1859.7226328704241     
  -1747.0362408839342       -708.84606028523842     
  -605.73108440127430        2024.9681098119929     
  -687.80112965069384        2174.3742657935841     
  -873.87691809438513        2285.1675386065672     
  -1702.3800986835886       -881.19327287663396     
  -1750.8763672646237       -544.36245537513832     
  -1721.3239054327050       -380.73740834399513     
  -271.50430471916718        136.68701153587588     
