   1632.7346752055280        2125.3700701492767     
   2215.5828861598361        1808.7392902847246     
  -1351.9282393232340        847.61733539326121     
  -1629.7972938994560        1961.2517496657044     
  -1127.8638976420289       -25.657312870349536     
  -1096.2189479817471       -676.21597977322631     
   2315.2896050680361        68.703701566457113     
   102.83086713219956        310.04428180329211     
  -1043.4088708871329       -1611.3616474772480     
  -984.77848082177024       -1924.4384152589223     
   2483.0772947909431       -2311.4095387543375     
  -1842.1725961162417       -2166.4458806290368     
  -213.57835477852927       -478.13200458065353     
   110.31775559172327        2354.6159567459636     
  -810.66069882719387       -42.037034843350796     
   482.60797338145517       -1836.7758181586869     
   455.29671759422888        571.26421369842160     
   227.52353716596949        1190.6131966705968     
  -909.56371364023289        1205.0317264768262     
   1071.6639985397685       -35.639113358519857     
  -159.93463586208975       -794.73950763661105     
  -1243.3015553891912        1147.5432272691955     
   1676.1375088240993        605.66791632798288     
  -2073.2781313370892        1397.0871970965288     
  -1989.2595689588759        1110.7911993435191     
   705.96489527518793        797.16114873882816     
   1308.3875734248529        2191.3469323702420     
  -1802.3899160329684        826.19879196235195     
   1939.1827449852703        717.31511132221488     
   2493.8824822597767        2064.5532490646788     
   406.97354029431949       -685.88471908565350     
   2474.4456422981943        2373.9356999310203     
  -1365.3733020178438       -610.89320072081762     
   501.09593685243664        2304.2916275268012     
   2087.5246413074678       -1595.5944206959323     
   804.66618079448938       -1960.3870848201375     
   2438.2178804400187       -1997.1931539105437     
  -317.68235842833133        1468.8725948241158     
   1048.9618220275686       -601.59362010359132     
   1593.9178714092097        1531.8146095218669     
  -1102.0698167430421       -982.74118319530101     
  -1616.1636884940615       -1286.9822422828133     
   1683.0036747491231        1805.7834176707640     
  -525.90014253451761       -2458.7163042832244     
   2118.2317836869952       -1869.2575641395226     
  -1884.4461378845006        494.55929510798296     
  -1985.7676857836047       -1896.2924519554724     
   1739.9613758667174        964.28953991832191     
  -255.49630922825887       -166.56754344261023     
   658.01191626083266       -1278.4207750162509     
  -389.32300865668032        313.97285876794820     
  -1434.3092415626975        1419.9280808770627     
  -2385.6999025535433        595.48528082685891     
  -1160.5122398728720        1839.2533375284952     
   812.97958319148142        1693.6746047116312     
   2392.7451968609353       -787.02922931842033     
  -1616.2475867060932       -2408.3948425076560     
   1393.9396392671740       -624.31936075151680     
   2299.4125315888236        1476.0574022935004     
  -524.66253923444776        56.289468823683762     
  -1775.1382536295391       -972.28349761789786     
  -354.77018567613590       -1839.9225557964660     
   2489.5327173292226        836.57498021231038     
  -539.55660067110193       -330.17717092390620     
  -38.169816987396658       -1919.3752395929596     
  -515.17099811030971        634.89079853528449     
   1969.3879511372852        1638.7907763209364     
  -1343.8719017834330       -1533.5275486138521     
   1722.1826623342583        328.49948408005656     
  -745.25941784149256       -1564.8704907098988     
   1174.8764598814698       -886.76559018491764     
  -2264.0289330934556       -1980.3501815922054     
   1427.7451263645512       -1071.0310766799046     
   428.06527513528363        265.82256818610284     
   2482.9740367595082       -478.87299401822293     
   809.72424273448598       -777.56569914868066     
  -1115.9980368984384        598.13127767640583     
   2120.5780724091214        977.54578071293656     
   2415.2566056404248       -1668.8949640789310     
  -731.41140514672225        2324.3965833552616     
   2130.6783693805132       -2195.9923718830901     
  -2494.5029340836177       -1079.5787325474303     
  -1669.0321445745706       -1898.7078983370470     
  -2147.7149926495954        1698.5081833379866     
  -1488.8454669660280       -306.07219437455637     
  -2430.5773911634137       -184.98298648563633     
   1847.4446218957169       -2047.6575276605950     
   2382.4610962331180       -1349.1932454277971     
  -1599.0201948618344        2305.2142134488299     
  -1403.1604539648949        1731.6203704040827     
  -1976.8828795342893       -719.62040453003942     
  -1979.5498107020014       -1581.5035739737345     
  -2154.1673688116798       -1015.7294918310131     
   376.52160818886586        877.76770635947969     
   679.06355555073083        2000.8851458087449     
  -1680.1601295034673       -649.57006140874432     
  -1669.2788473546511       -1599.1257804287263     
  -142.36171217610323        491.94579523778640     
  -462.33424855008957       -664.80923650223031     
   2160.6390433479723       -579.29712434069927     
   1919.1359807512140       -245.69919824358516     
  -711.20109219320193        312.03856687871212     
  -1443.7184569103915       -908.47013600810635     
  -1930.6335076459789       -1253.8828746211791     
   312.70422859527770       -1180.7607438269170     
   1805.2375496037882       -2381.6989019484813     
  -876.11003271993798       -338.66819426482942     
   981.91724551252878        569.14408567515545     
  -1728.0866681177831        1332.1534010915479     
   1788.2242163364760        1296.9752053983777     
   98.156537063142224       -554.73802225293537     
   460.70807429505209        1778.2443309281482     
  -1717.8235433785630        1639.1453460155394     
   944.07607384464040       -2252.3157378075407     
   998.96394829352380        1996.0536598788437     
   1236.5608750677470       -1294.1519215453759     
  -2260.8656161719846       -1339.0587586062272     
  -851.73230554167310        1624.2634537957276     
  -544.29547283026409        2020.2426899220306     
  -1335.8400691532713        359.41558350387135     
  -357.01897777877520        2238.0036205900028     
  -395.59491452212950        1091.2073532909715     
  -254.56479913145850        794.96374715129070     
   1131.3905084591761        844.19397044765833     
  -854.42977506606701        1969.7105071819162     
  -273.54813677720705        1812.1493861749193     
  -1921.6417526593266        1875.9535170540596     
   925.37516444616574       -1101.2928615181268     
  -44.373923715616144        1536.4827713435232     
   1489.3837641024427        1230.6486244841797     
   195.39058556066439       -1720.6172580298667     
  -1835.0871542730638       -342.90742870018261     
   1602.9996443668433       -802.47243789686047     
   663.12810181659358       -510.15830104446599     
  -1680.6920866198232        285.53731116383176     
  -1883.9837888152954        2189.9531768291167     
  -369.92529849822120       -1229.1111750313869     
  -2221.4908289721757        2374.3174554777884     
  -2299.5875388873587       -1653.4156794000628     
   2086.6248433129854        1300.0696513473986     
  -86.827997042287961       -1082.5938007525665     
   730.76463228952184       -1644.9007257095720     
   1111.2438583057794        2429.4694438855390     
  -761.44847869725766       -611.85540950198583     
   1368.6529920857572        1893.6163653045276     
   105.85685569342722        1817.6903187843434     
   1863.9531002950271       -1427.8828996196205     
   754.78970617160030        92.498117550255174     
  -1337.4160192061006       -1862.8023359894453     
   335.93336263108421       -354.71530615300372     
   564.28718262790846       -2149.7681700990893     
   291.80271434272714        2049.0148099466014     
   2146.4615130547663       -945.57426620048443     
  -2381.8971541044261        1393.5343257450097     
  -2111.8289283438135       -154.25256696435682     
   1191.0239117585545        1177.1350071003499     
  -841.80331513112174        632.26270814359293     
   2061.4832595010198        389.19354974562009     
  -653.33879003671825       -1855.8366214240987     
   263.24616042214893        1471.1697292477850     
   553.42506350538872        1152.2978402242973     
  -2181.8399475516767       -460.91338179323941     
   1977.7086884213411        78.789258936647371     
   569.15107925670418       -149.19437531586470     
   1286.6031009763426        1496.5893819182152     
   720.54120415644127        392.10488858712233     
  -1431.3311109766985        46.450635129491680     
  -1443.8491613700751       -2138.8487744081913     
  -1938.6430057404136       -2475.3153975416380     
   252.15379590019739       -2050.3331617779313     
  -2113.1436897658878        787.78672621454837     
   1922.4036392631776       -805.30972098747191     
   326.79630244249370       -2391.0006871412261     
   1314.2525256238164        586.35832724184797     
   1527.9543207044128       -346.51487963153789     
  -1168.7373155455484       -342.62414119857374     
   1536.1359319476335        2473.5522097217968     
  -2196.9817549534937       -2294.3173700711473     
  -2258.5479167016606        1106.8676937410348     
   688.34388750847177       -2448.8608320185817     
  -2178.1271042833155        388.54696098470004     
  -985.88805634758751       -1294.7340237246431     
  -425.64680497961893       -1537.1377627678849     
  -1016.5605503507043        268.09495221694499     
  -147.35304470888602       -1599.6091478343458     
   2255.4547194047022        646.11956351337142     
   1580.5998053315693       -2156.2233364630897     
  -182.31133827391352        2469.8784155394032     
  -1116.9260885596138        1486.3516882657336     
  -1001.5963629452499       -2482.7553457273143     
   1680.9008093282664        13.077034992352687     
   1111.4022943297293        1716.8711225012378     
   1383.1104591781943       -20.336007440696065     
  -630.01741553239867        1315.5243289295452     
   1246.6537308971670       -335.73694371694847     
   243.74397711422964        18.139186274976790     
   1075.8815666098903       -1781.1130689539555     
  -543.64416927427408       -2114.9081309577791     
   133.85177674893561        617.12819803845503     
   966.17500924142587       -1439.8903191784038     
   1767.0363810041449       -1109.8652726194396     
   15.780829558277546       -219.25790098662534     
   1452.0680658662386       -1893.2222526369219     
  -1027.6301095972824        2193.1559614446001     
  -1334.4976705071210        2126.1956238452394     
   922.98582309840049        1366.4680777506737     
  -239.34264589706450       -2190.9568226995775     
   38.806921829740425       -2278.9643645332585     
  -2356.5220606339140        128.07038155283112     
  -709.74128069846984       -1221.4933613707044     
   1326.0201001919536       -1587.9885157723820     
   1309.9781852781298       -2374.4920098670054     
   865.63744900544384        2267.0869162841809     
   66.376666990840860       -1361.5852445851515     
   1947.7552859540795        1980.8037902803935     
   1735.3584725793928       -1729.3164601956526     
   2209.7966106486542        2145.7076231216743     
   2143.9666633068368       -2488.2994229937808     
   2387.9007769975588        363.88513345847377     
   1898.3883901275608        2306.6646086492979     
  -2283.2012233566120       -769.29780993810823     
  -60.190058798433583        2089.0847919133957     
   187.38223834391212       -925.95496795657971     
  -1310.5619373501702        2464.7843305995889     
  -131.34737183900549        115.86771566239902     
   1085.2633514595313        282.09642702985485     
   1827.1686844886101       -527.36152344471225     
  -1292.3704951369889       -1215.8133468763529     
   2393.1374600309446        1152.5471942428687     
  -2476.9481267863248        1741.3656459355936     
   2233.1870328416016       -244.28524546668751     
  -808.84520935086948       -2265.3187285834097     
   1449.8616250218649        921.22870314586180     
  -2176.0770364107639        2044.9306295342642     
   555.45807492803328       -978.01748201298051     
  -1739.8823603763653       -76.115844752814709     
  -1161.1471992408763       -2191.2807710288503     
  -1565.4765704065107        1089.9768974485407     
  -557.80752139260528        1695.1564912372187     
   1404.5513983357766        287.41731620140735     
   39.597383126177427        940.70683046808847     
   1195.8142717401929       -2061.8467005661819     
  -665.34120360407439        961.59380264533945     
   595.18925859410876        1466.4640072396105     
  -1543.1110557476472        629.44346138141475     
   1555.8680597031509       -1401.9090288619975     
  -440.21087525488934       -956.56696638943913     
   404.61123068937377       -1486.0396408967717     
   2114.1665657470608       -1231.9170167215434     
   896.57508410257572       -300.03660299720150     
  -1016.5451234781505        901.50748217311525     
  -115.58157793067878        1223.2863767706988     
  -788.87875960313534       -945.52154598803509     
  -1986.1442533991008        147.06850181863615     
   875.54198279470609        1071.4454640738111     
