  -1845.0492247199470        145.11854044404922     
  -780.96269984781611       -1981.3232666227591     
  -623.24808699344237       -1433.2996631393003     
  -1729.6994056179453       -1805.0641542654757     
  -1355.3007692449562        2412.1034119253541     
   748.47013295297518        350.11998163144199     
   895.14517537552115       -1012.5467560655924     
   2172.2774928248537       -187.61786243578058     
  -159.94288052165919        27.113084428977302     
   622.72237609251033       -1441.1704896087033     
  -126.55660020151851        1790.4851875059344     
   202.45990220133027        1457.0159528011818     
  -391.74878672553223        479.56091077004652     
   343.43365997893466       -34.052716404832488     
   653.27581914777272       -2011.4724128896171     
  -2125.6963745354669       -947.12331368255218     
  -1446.1915968726898        481.90436197248766     
   386.01828613529051       -950.76893037663115     
   376.70281332848884        1985.9461842913195     
   183.76285337976921        417.23952001728765     
   1441.7413657704135       -1980.2244082727025     
   1929.4879325820611       -1150.3216865675365     
   1847.3282438648471       -2217.0275526184892     
   1030.2323065150965       -2281.8952980963336     
   56.698970133785807       -653.07378298372316     
   1581.9431174371555        1062.6669236190269     
  -365.87639873824702        1249.1536630703981     
   807.57699801560716        1671.1422184554303     
  -1840.9816274850973        802.98440314572065     
  -1090.7772377319359        1966.9755811398850     
  -1540.3023806926869        1735.5139736983622     
  -2125.0632943341866        1708.4091714365231     
   2426.6035452336914        1435.3903272253506     
  -865.43670848144643       -420.58924605677203     
   957.17977159834379        914.40796884038832     
   2273.0579251960007       -2019.8709124477616     
  -1808.1732897774009       -2378.0174935270502     
  -694.82075202479950        20.089071566242641     
   2011.4934898034301       -652.10648499674141     
   520.41816255043580       -520.52079131377343     
   376.73057108696219        878.99917208647184     
   1811.3178750239999        173.05866728774140     
  -544.96722303508693        2248.9486031128263     
  -2380.5917856943274       -2411.9407444955377     
   1901.8102151225228        1405.8110136668522     
  -938.59035630605138        536.13071033362371     
   2241.9024028064991        905.25574262894077     
   2177.0795539980272        2391.3171972406749     
   198.15386818100632       -1976.2027471291999     
  -2145.5382443813019       -1972.5678105846519     
   1215.8421932265087        90.067361780325243     
  -1258.7140174675237       -2059.4722160458168     
  -2176.1902120772179        1136.9758101779828     
  -673.96622726178055        1677.4544342286674     
   1087.9300973386701       -630.69953768978121     
  -1321.4647935212001        896.59261336712188     
  -1194.9060218500135       -1536.5957172382398     
   2413.6469345727141       -983.56668246276297     
   1267.0009814499513        1365.3797267143279     
   1814.7751589176601       -1651.8099751209832     
   2249.0126207113276        1906.3119430326749     
   2257.8802806997287       -1577.9042066717323     
  -2243.8306485609919       -1488.5584229055760     
  -418.23392652145384       -396.17413525024466     
   1526.6517810873902       -293.37829283661716     
  -1903.8846227333906       -304.54726345572629     
   422.49819783885903       -2494.9164117270902     
  -1141.7593038407599        1417.1857663257483     
  -1713.7170188032576        1237.7037931825978     
   1531.1181711840352        2378.9165651150256     
  -20.337431444977433        2323.6770331933108     
   855.84816161452034       -162.99557012107698     
  -624.07918002551776       -903.20898315745580     
  -1684.5594882733053       -1301.4726526507809     
   1291.7431417434836        1953.6567201561447     
  -1787.4083120320029        2143.9263945241746     
  -78.945600901574991        896.61643918520144     
   1361.4877104220520        603.41608104429599     
   139.29228034453888       -1396.3273578880160     
  -224.89758415796913       -1754.9276016582266     
   836.69560323180588        2215.9790951816835     
   1779.6664098513106        1909.1576133621068     
  -1690.0601559366680       -789.92863877804200     
  -1176.4501173666881       -993.55479585242460     
  -882.60901053398834       -2443.1659921779133     
   1860.6713309836184        706.14763653919999     
   1396.7130183967329       -1282.9473802281168     
  -1281.5567284392921        41.105056536539564     
   652.51671771915596        1263.8292045769501     
   1516.0978975441494       -797.37498776744428     
  -2398.1885607156337        2.3748030194656877E-002
  -2280.5467521167798        2146.7660448491329     
  -2442.4323385698299       -508.03302924803819     
  -2256.4910293950206        534.08037914255306     
  -251.67053517687543       -2304.2456073821859     
  -1362.8049335328676       -429.77431208294439     
   1078.9583581536999       -1653.6432857370023     
  -787.58471380767219        1007.3885800806106     
   2308.3222821359027        345.63457111712921     
  -178.68258894678581       -1075.9930375755760     
