           1 -0.31671381918075997     
           2 -0.54538638227438230     
           3 -0.96554726063960206     
           4  -1.3157740428626308     
           5  -1.6536590504322670     
           6  -2.0257059350865512     
           7  -2.4389802878911495     
           8  -3.0955297882714867     
           9  -3.7554353566026162     
          10  -4.3046091367695718     
          11  -4.7884867179559336     
          12  -5.0881763154948416     
          13  -5.2832530047755988     
          14  -5.4086365005971784     
          15  -5.4652845928840978     
          16  -5.5658669830371359     
          17  -5.6549396112989010     
          18  -5.7178424438107376     
          19  -5.7336972213647135     
          20  -5.7769079477604297     
          21  -5.8076861042612657     
          22  -5.8271412676892504     
          23  -5.8588494971777854     
          24  -5.8676688143504956     
          25  -5.8767961813293983     
          26  -5.8844001238735020     
          27  -5.8980675849859745     
          28  -5.9087726677222294     
          29  -5.9185616979916933     
          30  -5.9259541692109519     
          31  -5.9334053232481576     
          32  -5.9465753239698316     
          33  -5.9528987176149588     
          34  -5.9621729815875746     
          35  -5.9680994010532133     
          36  -5.9733075231374064     
          37  -5.9783800222625842     
          38  -5.9845381564751996     
          39  -5.9887012220761777     
          40  -5.9928115462904739     
          41  -5.9959096641364695     
          42  -5.9997176493774873     
          43  -6.0036994749591717     
          44  -6.0063452526880123     
          45  -6.0091260027500111     
          46  -6.0132289269147678     
          47  -6.0166349744416472     
          48  -6.0197561868926357     
          49  -6.0241845892435171     
          50  -6.0264062997884844     
          51  -6.0284660715942167     
          52  -6.0295735685421272     
          53  -6.0314000514907020     
          54  -6.0343435218297508     
          55  -6.0354671514756042     
          56  -6.0386926729304502     
          57  -6.0420814116020862     
          58  -6.0442298806786274     
          59  -6.0467152836663365     
          60  -6.0484886017030393     
          61  -6.0535560149004626     
          62  -6.0563770163518749     
          63  -6.0581804518228690     
          64  -6.0605126512357792     
          65  -6.0610870167516646     
          66  -6.0633879206955061     
          67  -6.0653901488585120     
          68  -6.0683895321683901     
          69  -6.0704238557558075     
          70  -6.0708356073450007     
          71  -6.0713634671001930     
          72  -6.0734985860619286     
          73  -6.0742332555089442     
          74  -6.0755091741218532     
          75  -6.0768985339018551     
          76  -6.0776563209438939     
          77  -6.0785091579274715     
          78  -6.0799893259607147     
          79  -6.0814497252138429     
          80  -6.0830984501844734     
          81  -6.0845460178410136     
          82  -6.0851744064797746     
          83  -6.0874909169298563     
          84  -6.0883881388270957     
          85  -6.0891540493020129     
          86  -6.0902928156900096     
          87  -6.0909623673383413     
          88  -6.0920614861047824     
          89  -6.0917941023652684     
          90  -6.0925759229812178     
          91  -6.0936036269733345     
          92  -6.0948361936904263     
          93  -6.0950068341450905     
          94  -6.0953480508390516     
          95  -6.0959022425315732     
          96  -6.0968010235103334     
          97  -6.0968173236281542     
          98  -6.0973168812407508     
          99  -6.0980073654637321     
         100  -6.0982890378652952     
         101  -6.0983341546508836     
         102  -6.0988241030498722     
         103  -6.0995899790533938     
         104  -6.0999358362461678     
         105  -6.1007661628865133     
         106  -6.1022519495020227     
         107  -6.1029029564840052     
         108  -6.1031960153633724     
         109  -6.1029128054036175     
         110  -6.1032899556013529     
         111  -6.1034351756480154     
         112  -6.1033992518917737     
         113  -6.1045705057808721     
         114  -6.1057132220031942     
         115  -6.1057834126905099     
         116  -6.1056772024044434     
         117  -6.1055286940001174     
         118  -6.1054780753370563     
         119  -6.1056431533034763     
         120  -6.1059403481309023     
         121  -6.1061241777693471     
         122  -6.1069664421000782     
         123  -6.1071122620678429     
         124  -6.1080814536774310     
         125  -6.1086211269973898     
         126  -6.1093420089129413     
         127  -6.1094101067375348     
         128  -6.1102048601149015     
         129  -6.1103743141629083     
         130  -6.1105423345610204     
         131  -6.1114692974280107     
         132  -6.1119263677392039     
         133  -6.1121957246296708     
         134  -6.1130467943020372     
         135  -6.1130993169499934     
         136  -6.1130397788178241     
         137  -6.1137316295983730     
         138  -6.1127822958694544     
         139  -6.1129502046263013     
         140  -6.1138447415817234     
         141  -6.1154185277903501     
         142  -6.1161146861462070     
         143  -6.1164061288055613     
         144  -6.1167706640007484     
         145  -6.1170907579087386     
         146  -6.1169813581291184     
         147  -6.1174911493023929     
         148  -6.1179764973421831     
         149  -6.1180740465772798     
         150  -6.1186408862216339     
         151  -6.1184543171566270     
         152  -6.1193281230654861     
         153  -6.1199314707474075     
         154  -6.1206715316969280     
         155  -6.1205731023373504     
         156  -6.1211034704300440     
         157  -6.1215447116917563     
         158  -6.1223109417810244     
         159  -6.1233736137130883     
         160  -6.1232884113361026     
         161  -6.1236664215422731     
         162  -6.1240885645133183     
         163  -6.1238312246018074     
         164  -6.1246916603137542     
         165  -6.1246131847132723     
         166  -6.1248305975817994     
         167  -6.1248140156118165     
         168  -6.1251908004503690     
         169  -6.1252261749131911     
         170  -6.1256451425252427     
         171  -6.1264726468503472     
         172  -6.1272787968044655     
         173  -6.1274312878582311     
         174  -6.1274729348577441     
         175  -6.1267580963546564     
         176  -6.1276868135097322     
         177  -6.1273775491259892     
         178  -6.1274235942682864     
         179  -6.1275963124549202     
         180  -6.1282042919135211     
         181  -6.1269816751169692     
         182  -6.1268591982535145     
         183  -6.1279805745286797     
         184  -6.1281257334029613     
         185  -6.1283675815400320     
         186  -6.1283250093262485     
         187  -6.1289329571716946     
         188  -6.1290072308382237     
         189  -6.1281893635956770     
         190  -6.1287064367898232     
         191  -6.1290558484556943     
         192  -6.1285334419460913     
         193  -6.1284172646967896     
         194  -6.1280204159243654     
         195  -6.1286002299925304     
         196  -6.1284021527784684     
         197  -6.1280792208122286     
         198  -6.1285189790457464     
         199  -6.1289327496773600     
         200  -6.1290669942370002     
         201  -6.1284882271355512     
         202  -6.1285471701724106     
         203  -6.1292988254593759     
         204  -6.1296379761310016     
         205  -6.1300263717451484     
         206  -6.1306369794124373     
         207  -6.1304355297626305     
         208  -6.1294874481033643     
         209  -6.1293357847203911     
         210  -6.1292263299301721     
         211  -6.1295171427613591     
         212  -6.1295261464346398     
         213  -6.1294371564754782     
         214  -6.1291877843891864     
         215  -6.1298915720416813     
         216  -6.1305145122962372     
         217  -6.1299446944756406     
         218  -6.1300351944716365     
         219  -6.1303475959201981     
         220  -6.1307624740206812     
         221  -6.1311711141938785     
         222  -6.1309051392758960     
         223  -6.1319471066179378     
         224  -6.1323834901863368     
         225  -6.1335298407400236     
         226  -6.1333471922728444     
         227  -6.1339657020664715     
         228  -6.1338721051100551     
         229  -6.1346822891458199     
         230  -6.1361893582260514     
         231  -6.1361835723283891     
         232  -6.1363115911325155     
         233  -6.1360129858790469     
         234  -6.1356495986252666     
         235  -6.1369254574101308     
         236  -6.1370226814186495     
         237  -6.1365046490304493     
         238  -6.1367699825912068     
         239  -6.1369638355554770     
         240  -6.1374731459189809     
         241  -6.1373651525563719     
         242  -6.1378759027010386     
         243  -6.1376239670389650     
         244  -6.1389148798918285     
         245  -6.1395220386587965     
         246  -6.1399641581365394     
         247  -6.1397758806353719     
         248  -6.1399198815010516     
         249  -6.1397875547880760     
         250  -6.1391092131036658     
         251  -6.1388078835157778     
         252  -6.1388817825706328     
         253  -6.1389831816982179     
         254  -6.1389834539863006     
         255  -6.1390419021159852     
         256  -6.1387005383923450     
         257  -6.1382401434438858     
         258  -6.1384206041320057     
         259  -6.1374928343545179     
         260  -6.1382080346101215     
         261  -6.1382571469681633     
         262  -6.1393670017184929     
         263  -6.1393861322747654     
         264  -6.1397227260460880     
         265  -6.1398602203943691     
         266  -6.1397241248208170     
         267  -6.1392853642456755     
         268  -6.1393948227130561     
         269  -6.1396751807590482     
         270  -6.1393992447915755     
         271  -6.1394217248651692     
         272  -6.1399589457053274     
         273  -6.1404180140870253     
         274  -6.1400539683086652     
         275  -6.1400596404526384     
         276  -6.1392917372843039     
         277  -6.1390294091302451     
         278  -6.1393927033133320     
         279  -6.1400096047221284     
         280  -6.1401181883806393     
         281  -6.1401629970731850     
         282  -6.1404109807076459     
         283  -6.1408183823032578     
         284  -6.1409026057264100     
         285  -6.1417713933368088     
         286  -6.1417609877264283     
         287  -6.1424166509659823     
         288  -6.1428058922118307     
         289  -6.1429407278222596     
         290  -6.1428076657735184     
         291  -6.1427369862368844     
         292  -6.1421107902196406     
         293  -6.1416074471700393     
         294  -6.1416486085645516     
         295  -6.1411813054485691     
         296  -6.1415274923278860     
         297  -6.1408598573721074     
         298  -6.1411662777567573     
         299  -6.1412242120005782     
         300  -6.1411548984711191     
         301  -6.1412228791123926     
         302  -6.1410030641759938     
         303  -6.1415444185628685     
         304  -6.1418717032882890     
         305  -6.1411354525374762     
         306  -6.1411773458798189     
         307  -6.1415155687169323     
         308  -6.1412476602547610     
         309  -6.1415410375201187     
         310  -6.1411182643556286     
         311  -6.1422478784456702     
         312  -6.1425719731896811     
         313  -6.1434720198948494     
         314  -6.1434559146790093     
         315  -6.1429088255799247     
         316  -6.1424753097911715     
         317  -6.1424855349877472     
         318  -6.1423065011107711     
         319  -6.1421764669232548     
         320  -6.1419015292654899     
         321  -6.1426775541848748     
         322  -6.1428451027754054     
         323  -6.1431034115576058     
         324  -6.1435812335917772     
         325  -6.1438929010484555     
         326  -6.1439523435532646     
         327  -6.1441385647154849     
         328  -6.1442406223315791     
         329  -6.1437479242245088     
         330  -6.1441876251846130     
         331  -6.1442607828500400     
         332  -6.1441584218842591     
         333  -6.1441872264448332     
         334  -6.1438007019552314     
         335  -6.1436475567925495     
         336  -6.1439915575080919     
         337  -6.1441642888308658     
         338  -6.1440067275426831     
         339  -6.1445359969259687     
         340  -6.1441635250983371     
         341  -6.1441380424595966     
         342  -6.1440062609243578     
         343  -6.1442520365885231     
         344  -6.1443028139078795     
         345  -6.1446176641628778     
         346  -6.1446006612020190     
         347  -6.1444317988060435     
         348  -6.1443210242233821     
         349  -6.1447373746472183     
         350  -6.1452336255024900     
         351  -6.1444812833617277     
         352  -6.1440477428864888     
         353  -6.1441284393836204     
         354  -6.1449007831253057     
         355  -6.1455608437677718     
         356  -6.1453252581004776     
         357  -6.1457940933954811     
         358  -6.1459683498996318     
         359  -6.1462764415652025     
         360  -6.1459052144654382     
         361  -6.1453327962671445     
         362  -6.1458482072483758     
         363  -6.1455302886572740     
         364  -6.1452234644892130     
         365  -6.1452912200405887     
         366  -6.1445895971520201     
         367  -6.1434589121448928     
         368  -6.1437607887709005     
         369  -6.1433170172900917     
         370  -6.1433780644091742     
         371  -6.1437070839657775     
         372  -6.1450214071706810     
         373  -6.1451594098562774     
         374  -6.1452063027080888     
         375  -6.1442244548167411     
         376  -6.1451181117190288     
         377  -6.1456181456425565     
         378  -6.1448828113458038     
         379  -6.1451585964802566     
         380  -6.1452394888342692     
         381  -6.1457119348534484     
         382  -6.1449793336018228     
         383  -6.1445805925944095     
         384  -6.1455042966385678     
         385  -6.1460958651985669     
         386  -6.1452737778481472     
         387  -6.1451877452522501     
         388  -6.1454529296315119     
         389  -6.1453411796756994     
         390  -6.1461893191123567     
         391  -6.1462743291547568     
         392  -6.1465953174328920     
         393  -6.1470584025637960     
         394  -6.1473370126545923     
         395  -6.1474447790003657     
         396  -6.1473645818892049     
         397  -6.1473342240018898     
         398  -6.1469246798102013     
         399  -6.1471470541034536     
         400  -6.1470045889574223     
         401  -6.1462007950558837     
         402  -6.1460160722343620     
         403  -6.1458143116015282     
         404  -6.1461413583711613     
         405  -6.1460499761601950     
         406  -6.1458002154754157     
         407  -6.1460914104994515     
         408  -6.1457028831334286     
         409  -6.1454431896930730     
         410  -6.1457302479853677     
         411  -6.1461899880363076     
         412  -6.1462314073417801     
         413  -6.1477219314692819     
         414  -6.1482632683388339     
         415  -6.1482420352228075     
         416  -6.1482218498979311     
         417  -6.1486996952902127     
         418  -6.1486755231033579     
         419  -6.1482066076047719     
         420  -6.1477970538826350     
         421  -6.1478312217497839     
         422  -6.1485841982422311     
         423  -6.1485723954409055     
         424  -6.1479800298506815     
         425  -6.1483149993835697     
         426  -6.1484117595958061     
         427  -6.1483801292143685     
         428  -6.1483745862026655     
         429  -6.1483223591732408     
         430  -6.1477195366711284     
         431  -6.1485831183017181     
         432  -6.1488566691314581     
         433  -6.1487151749101159     
         434  -6.1485852707713979     
         435  -6.1484468096614009     
         436  -6.1488514469026141     
         437  -6.1482824677038694     
         438  -6.1484576929876740     
         439  -6.1484162518827938     
         440  -6.1483130567928690     
         441  -6.1475153037795680     
         442  -6.1482609004859299     
         443  -6.1485596524412367     
         444  -6.1491930950157316     
         445  -6.1490482592600868     
         446  -6.1489034889047041     
         447  -6.1484829569478947     
         448  -6.1486650703911634     
         449  -6.1488195317318386     
         450  -6.1485541536443300     
         451  -6.1487607055483142     
         452  -6.1483741470951703     
         453  -6.1489787635083148     
         454  -6.1496484716533475     
         455  -6.1499475675275503     
         456  -6.1491494453537801     
         457  -6.1481690321063649     
         458  -6.1488879124682096     
         459  -6.1485589503589333     
         460  -6.1490548902089301     
         461  -6.1487413853387345     
         462  -6.1485303619552854     
         463  -6.1482581451275218     
         464  -6.1482927167051642     
         465  -6.1478343449654433     
         466  -6.1481695867708055     
         467  -6.1487334724637090     
         468  -6.1490822584031424     
         469  -6.1494137839344436     
         470  -6.1497345531483267     
         471  -6.1492227780189914     
         472  -6.1493331522275607     
         473  -6.1489037825587207     
         474  -6.1489540890108074     
         475  -6.1492007362928325     
         476  -6.1498564825755224     
         477  -6.1504891133439470     
         478  -6.1510147846366108     
         479  -6.1507440903967261     
         480  -6.1497106549293994     
         481  -6.1499428639042018     
         482  -6.1501709451174476     
         483  -6.1502249405976599     
         484  -6.1493102276962910     
         485  -6.1489127665465402     
         486  -6.1491886372813598     
         487  -6.1491655431180776     
         488  -6.1492441391613220     
         489  -6.1491430191450931     
         490  -6.1499381532032658     
         491  -6.1501420455701918     
         492  -6.1505950137234606     
         493  -6.1499533972370113     
         494  -6.1501088923112741     
         495  -6.1502242983025690     
         496  -6.1498995380253918     
         497  -6.1496090711976414     
         498  -6.1493438337030897     
         499  -6.1492673260475019     
         500  -6.1492227934975192     
         501  -6.1496038543431020     
         502  -6.1499760809597870     
         503  -6.1498236512474085     
         504  -6.1493846190726833     
         505  -6.1497814725041238     
         506  -6.1500197096176192     
         507  -6.1504073956504861     
         508  -6.1508926504432200     
         509  -6.1512344136832953     
         510  -6.1512823525960112     
         511  -6.1509032749958692     
         512  -6.1500215841369252     
         513  -6.1500546321265128     
         514  -6.1499657497306019     
         515  -6.1505709320926130     
         516  -6.1503913886874022     
         517  -6.1506438107574049     
         518  -6.1505814471661422     
         519  -6.1501028665616131     
         520  -6.1503875234759846     
         521  -6.1508013636347822     
         522  -6.1508796371207595     
         523  -6.1501257181516422     
         524  -6.1499214161128535     
         525  -6.1497312657204324     
         526  -6.1499046011207570     
         527  -6.1501097862692680     
         528  -6.1503539629786363     
         529  -6.1506474837846463     
         530  -6.1506361221410097     
         531  -6.1501735003053275     
         532  -6.1493545742059768     
         533  -6.1492741720852058     
         534  -6.1496209908859747     
         535  -6.1493835026516539     
         536  -6.1494040601158035     
         537  -6.1493177534912897     
         538  -6.1492292161227251     
         539  -6.1484401261441874     
         540  -6.1487189424782889     
         541  -6.1488585859616558     
         542  -6.1490014329666902     
         543  -6.1490705293680774     
         544  -6.1489253396110044     
         545  -6.1483503647770048     
         546  -6.1487935105489315     
         547  -6.1488786400887658     
         548  -6.1488380653333312     
         549  -6.1491174519761627     
         550  -6.1487617463843103     
         551  -6.1492403803059714     
         552  -6.1495873430408636     
         553  -6.1495300881019439     
         554  -6.1495836122120293     
         555  -6.1504937366032513     
         556  -6.1503674567475377     
         557  -6.1501204264003686     
         558  -6.1503022358899795     
         559  -6.1506809667949600     
         560  -6.1501633401018747     
         561  -6.1502736578576327     
         562  -6.1503419650311892     
         563  -6.1499980484464238     
         564  -6.1508288028960409     
         565  -6.1509615132856537     
         566  -6.1506324824709697     
         567  -6.1505792669408841     
         568  -6.1506375260952142     
         569  -6.1500859015935641     
         570  -6.1509246375886990     
         571  -6.1508360685880170     
         572  -6.1505335840824840     
         573  -6.1506184794984629     
         574  -6.1508864115557262     
         575  -6.1512427117077424     
         576  -6.1515429122625891     
         577  -6.1518543336905802     
         578  -6.1519403719861643     
         579  -6.1515745366626300     
         580  -6.1511100056315593     
         581  -6.1506848562092422     
         582  -6.1499258986191556     
         583  -6.1502636180624997     
         584  -6.1503186003284336     
         585  -6.1511339869421553     
         586  -6.1508254186969316     
         587  -6.1510405206151288     
         588  -6.1514808537959134     
         589  -6.1512321037568052     
         590  -6.1516123829839957     
         591  -6.1509443125810686     
         592  -6.1509255716075018     
         593  -6.1506934426766380     
         594  -6.1507513268799761     
         595  -6.1506334021806515     
         596  -6.1499391866147013     
         597  -6.1506324094029203     
         598  -6.1503296342700668     
         599  -6.1502231688271065     
         600  -6.1510929534717862     
         601  -6.1510553196362885     
         602  -6.1500491131544344     
         603  -6.1505266768519258     
         604  -6.1500106974778612     
         605  -6.1498616504684041     
         606  -6.1502469653292984     
         607  -6.1504702773120163     
         608  -6.1504846832821771     
         609  -6.1505340956606656     
         610  -6.1505750271372586     
         611  -6.1501011151825589     
         612  -6.1501315871608746     
         613  -6.1503973502483555     
         614  -6.1494970362792962     
         615  -6.1497467383614532     
         616  -6.1504045507660559     
         617  -6.1502066685821353     
         618  -6.1495292094274907     
         619  -6.1493786285036318     
         620  -6.1490508600952714     
         621  -6.1486295543803386     
         622  -6.1486053353241044     
         623  -6.1497736911480851     
         624  -6.1505186230671258     
         625  -6.1503373722607000     
         626  -6.1498184700763021     
         627  -6.1493217539182279     
         628  -6.1494875483405327     
         629  -6.1494886808760878     
         630  -6.1493460005696203     
         631  -6.1499297684671781     
         632  -6.1504696784011497     
         633  -6.1510264898427049     
         634  -6.1506126878575946     
         635  -6.1506141192906805     
         636  -6.1510189038486818     
         637  -6.1510236327857246     
         638  -6.1503785984700547     
         639  -6.1507391943496135     
         640  -6.1507631702675880     
         641  -6.1495995681885240     
         642  -6.1489884623565851     
         643  -6.1490662730859116     
         644  -6.1485706883298876     
         645  -6.1486554867055947     
         646  -6.1492394389088485     
         647  -6.1493695897975460     
         648  -6.1500385357111123     
         649  -6.1505146195188294     
         650  -6.1506145915612480     
         651  -6.1499446146961683     
         652  -6.1505436070698662     
         653  -6.1500558758517796     
         654  -6.1500883976553089     
         655  -6.1503040677481371     
         656  -6.1498791885886215     
         657  -6.1503287303507372     
         658  -6.1503239513851584     
         659  -6.1501453474937922     
         660  -6.1502608003090122     
         661  -6.1503364229911064     
         662  -6.1511732039841807     
         663  -6.1501984474176439     
         664  -6.1507622522521377     
         665  -6.1507367706696714     
         666  -6.1503940177037650     
         667  -6.1502596933803426     
         668  -6.1504193153973947     
         669  -6.1505867726654468     
         670  -6.1507398459639209     
         671  -6.1511879073566194     
         672  -6.1507261951720711     
         673  -6.1514324927176220     
         674  -6.1514195983659556     
         675  -6.1512876255288633     
         676  -6.1514460689972319     
         677  -6.1512724398323151     
         678  -6.1515761262019231     
         679  -6.1506408505235539     
         680  -6.1503973821483875     
         681  -6.1504831313060260     
         682  -6.1505647708514539     
         683  -6.1507925339000851     
         684  -6.1508254654910690     
         685  -6.1508162798811723     
         686  -6.1504222353512956     
         687  -6.1499135664945852     
         688  -6.1500471142911701     
         689  -6.1498364177983502     
         690  -6.1501455998318253     
         691  -6.1503359268187197     
         692  -6.1502587641742821     
         693  -6.1499924927771437     
         694  -6.1498289746496830     
         695  -6.1500178608160665     
         696  -6.1488497095060080     
         697  -6.1489664353593927     
         698  -6.1484946979911692     
         699  -6.1484079920168426     
         700  -6.1478438953072079     
         701  -6.1484692545324089     
         702  -6.1488966112465793     
         703  -6.1489020532724679     
         704  -6.1490236446488877     
         705  -6.1484886704885353     
         706  -6.1495689035616365     
         707  -6.1491677380709362     
         708  -6.1483245843084493     
         709  -6.1484339624988387     
         710  -6.1476017202310089     
         711  -6.1478061211861377     
         712  -6.1475233115165864     
         713  -6.1484516860583804     
         714  -6.1485073267528234     
         715  -6.1479061583481807     
         716  -6.1476488255207107     
         717  -6.1477519975872061     
         718  -6.1464385284372423     
         719  -6.1463995441244528     
         720  -6.1470783215454796     
         721  -6.1477243255623923     
         722  -6.1484465932822028     
         723  -6.1490223961859263     
         724  -6.1496787014706058     
         725  -6.1491863836702905     
         726  -6.1485949860709690     
         727  -6.1482365007338338     
         728  -6.1487885208931026     
         729  -6.1490985237986795     
         730  -6.1500630167475565     
         731  -6.1493098564889168     
         732  -6.1485331703957522     
         733  -6.1486580309724665     
         734  -6.1492892974353346     
         735  -6.1493882159926310     
         736  -6.1491565407140136     
         737  -6.1498011293029409     
         738  -6.1507462792133865     
         739  -6.1503206708673490     
         740  -6.1499419035642831     
         741  -6.1505803202190839     
         742  -6.1503945931807920     
         743  -6.1506313795264349     
         744  -6.1510156718104190     
         745  -6.1508656375004831     
         746  -6.1511071885515385     
         747  -6.1507579987594294     
         748  -6.1514601376191305     
         749  -6.1516300612496444     
         750  -6.1518200427296099     
         751  -6.1513600274949294     
         752  -6.1509605886300065     
         753  -6.1503101376589022     
         754  -6.1503770637414084     
         755  -6.1505245063830492     
         756  -6.1508827250353830     
         757  -6.1508610099646894     
         758  -6.1506427771873478     
         759  -6.1508012793203442     
         760  -6.1511912048504405     
         761  -6.1511586108390439     
         762  -6.1511523858936652     
         763  -6.1511393093367390     
         764  -6.1505128859111142     
         765  -6.1507760550066672     
         766  -6.1508867413867581     
         767  -6.1513029654571847     
         768  -6.1513691455717172     
         769  -6.1511692196356158     
         770  -6.1516395518531359     
         771  -6.1517183596382008     
         772  -6.1515362285390758     
         773  -6.1519721740652340     
         774  -6.1516365083406841     
         775  -6.1513264372624681     
         776  -6.1514590900136854     
         777  -6.1517302564953233     
         778  -6.1518280856364855     
         779  -6.1519042658979783     
         780  -6.1523771556668292     
         781  -6.1520086239854539     
         782  -6.1522613476050836     
         783  -6.1521243988422336     
         784  -6.1520659143419669     
         785  -6.1518147287558325     
         786  -6.1527117394332365     
         787  -6.1524875474227194     
         788  -6.1523707037398641     
         789  -6.1519321298749956     
         790  -6.1518083459403652     
         791  -6.1516998739525119     
         792  -6.1506343428966623     
         793  -6.1498372426975534     
         794  -6.1502489011172292     
         795  -6.1504102524203672     
         796  -6.1505278670735315     
         797  -6.1504572502560526     
         798  -6.1504268366404506     
         799  -6.1504243846201705     
         800  -6.1501576427175104     
         801  -6.1503269922326522     
         802  -6.1505062711735414     
         803  -6.1509810542237950     
         804  -6.1514388498666275     
         805  -6.1515686802836305     
         806  -6.1526098365691473     
         807  -6.1528191617290720     
         808  -6.1528855551380790     
         809  -6.1532381838846186     
         810  -6.1527995613403581     
         811  -6.1525761688797198     
         812  -6.1520933122814494     
         813  -6.1516020703907026     
         814  -6.1510521509862635     
         815  -6.1514831437850637     
         816  -6.1515308501764538     
         817  -6.1518421994554213     
         818  -6.1513620410944485     
         819  -6.1514239781900999     
         820  -6.1508331375386298     
         821  -6.1505752834576208     
         822  -6.1508979303860603     
         823  -6.1509426659193451     
         824  -6.1514476394176913     
         825  -6.1521416897715282     
         826  -6.1523129890816008     
         827  -6.1528225706826074     
         828  -6.1526333216360261     
         829  -6.1524264115085572     
         830  -6.1527006239835744     
         831  -6.1525596960695710     
         832  -6.1525482728938261     
         833  -6.1516384513103706     
         834  -6.1513932244132876     
         835  -6.1515670859042686     
         836  -6.1513896935881593     
         837  -6.1512939711124019     
         838  -6.1511502277367143     
         839  -6.1512002660607727     
         840  -6.1515785769464113     
         841  -6.1522020344357093     
         842  -6.1526385567479638     
         843  -6.1522022174358169     
         844  -6.1519771056554067     
         845  -6.1512772509295175     
         846  -6.1502522560256416     
         847  -6.1502444256967159     
         848  -6.1500909474245891     
         849  -6.1506053147819326     
         850  -6.1508885904553559     
         851  -6.1511581154510822     
         852  -6.1514573030683861     
         853  -6.1514125791212013     
         854  -6.1521792975159766     
         855  -6.1523773562715283     
         856  -6.1519055111142587     
         857  -6.1519616080921438     
         858  -6.1520282466123328     
         859  -6.1530928186775240     
         860  -6.1526795116608906     
         861  -6.1526425492940318     
         862  -6.1530358007487527     
         863  -6.1536403449369539     
         864  -6.1532802955831079     
         865  -6.1532654002155907     
         866  -6.1522745020549507     
         867  -6.1515149132958076     
         868  -6.1520291249846366     
         869  -6.1520737803749572     
         870  -6.1524256275975766     
         871  -6.1532362802109049     
         872  -6.1535420360352626     
         873  -6.1526935540869365     
         874  -6.1525933474120356     
         875  -6.1526206450371292     
         876  -6.1527943041997553     
         877  -6.1530685584229969     
         878  -6.1527038570372978     
         879  -6.1527693829329442     
         880  -6.1529704860891439     
         881  -6.1529988993203935     
         882  -6.1532035184796605     
         883  -6.1524395646645704     
         884  -6.1521395660171709     
         885  -6.1521193645128980     
         886  -6.1519028496153867     
         887  -6.1519935543044442     
         888  -6.1519677182143262     
         889  -6.1523310491689482     
         890  -6.1522261786265426     
         891  -6.1515822347106246     
         892  -6.1510149209179286     
         893  -6.1519442514217300     
         894  -6.1522808602127510     
         895  -6.1524065497113050     
         896  -6.1527909333276867     
         897  -6.1529170911268585     
         898  -6.1529169268946839     
         899  -6.1534602726996690     
         900  -6.1534359412464132     
         901  -6.1533372785532672     
         902  -6.1540996494357296     
         903  -6.1535939171209630     
         904  -6.1532600367467598     
         905  -6.1532949191588138     
         906  -6.1529938795385641     
         907  -6.1528440820188273     
         908  -6.1532478220053717     
         909  -6.1531929219013222     
         910  -6.1533726042629997     
         911  -6.1538285405222100     
         912  -6.1531728088826378     
         913  -6.1532952990996996     
         914  -6.1536311252250702     
         915  -6.1531107231781599     
         916  -6.1532269108856950     
         917  -6.1531054917701686     
         918  -6.1528462570564715     
         919  -6.1527015837914787     
         920  -6.1525513658670654     
         921  -6.1539965149978118     
         922  -6.1537543100154153     
         923  -6.1545201813473955     
         924  -6.1549134447607967     
         925  -6.1554039174889352     
         926  -6.1551512620940674     
         927  -6.1547438334456324     
         928  -6.1547111952670646     
         929  -6.1545336171145895     
         930  -6.1547003135725973     
         931  -6.1546306147380134     
         932  -6.1535360108652615     
         933  -6.1537457705955987     
         934  -6.1540936053085824     
         935  -6.1538463351387209     
         936  -6.1541908515582060     
         937  -6.1534059766765434     
         938  -6.1535406624527855     
         939  -6.1536856289809627     
         940  -6.1536933662297582     
         941  -6.1537830698442768     
         942  -6.1539990703760088     
         943  -6.1547755195646401     
         944  -6.1544557248002487     
         945  -6.1545143018297983     
         946  -6.1545930104332518     
         947  -6.1549395662413877     
         948  -6.1551209344522393     
         949  -6.1546836691439184     
         950  -6.1546875139997539     
         951  -6.1545949004444687     
         952  -6.1549846316493992     
         953  -6.1554718601239919     
         954  -6.1548672929397146     
         955  -6.1546541788224189     
         956  -6.1549923510410247     
         957  -6.1545337263635185     
         958  -6.1538610862750005     
         959  -6.1543109820144224     
         960  -6.1546293717411400     
         961  -6.1554818348658857     
         962  -6.1553263837383287     
         963  -6.1555378159993195     
         964  -6.1554949719838135     
         965  -6.1549216099757906     
         966  -6.1544056936357912     
         967  -6.1545730284426359     
         968  -6.1542726302886877     
         969  -6.1540170691627312     
         970  -6.1541914860219444     
         971  -6.1533959596298384     
         972  -6.1528992521253034     
         973  -6.1530957850286159     
         974  -6.1531354742270565     
         975  -6.1533537598701322     
         976  -6.1529522706214337     
         977  -6.1526739697368180     
         978  -6.1523706280666079     
         979  -6.1526642992841714     
         980  -6.1531959789885802     
         981  -6.1538400899567067     
         982  -6.1537003192976307     
         983  -6.1542415820036043     
         984  -6.1542716306573464     
         985  -6.1542283704683642     
         986  -6.1529892229483947     
         987  -6.1529827771858354     
         988  -6.1539121310918903     
         989  -6.1540489161874632     
         990  -6.1538697877759265     
         991  -6.1540574337929277     
         992  -6.1540179074523005     
         993  -6.1533340554564351     
         994  -6.1534865204006675     
         995  -6.1533263977591259     
         996  -6.1533901028084017     
         997  -6.1541943868945621     
         998  -6.1540371430135465     
         999  -6.1539707926726628     
        1000  -6.1541401293885167     
        1001  -6.1534726947664762     
        1002  -6.1534865873877838     
        1003  -6.1538828240384866     
        1004  -6.1531856927169439     
        1005  -6.1538121149076082     
        1006  -6.1544703323017975     
        1007  -6.1545677420051996     
        1008  -6.1547167228651034     
        1009  -6.1550696846102904     
        1010  -6.1551685592989971     
        1011  -6.1550779233850426     
        1012  -6.1543330954108022     
        1013  -6.1535943398592794     
        1014  -6.1526563572055100     
        1015  -6.1532258551069576     
        1016  -6.1527435207524066     
        1017  -6.1530486108373523     
        1018  -6.1539219168586357     
        1019  -6.1534459456671495     
        1020  -6.1533207644382610     
        1021  -6.1533923076093675     
        1022  -6.1522334717279463     
        1023  -6.1520631519994051     
        1024  -6.1530301390351969     
        1025  -6.1533408845522697     
        1026  -6.1539117349603849     
        1027  -6.1535511400231080     
        1028  -6.1533776781389866     
        1029  -6.1535964340686613     
        1030  -6.1540389841653811     
        1031  -6.1542215707043066     
        1032  -6.1545850313367767     
        1033  -6.1540655261061419     
        1034  -6.1536186981686836     
        1035  -6.1539421750813181     
        1036  -6.1538033282436340     
        1037  -6.1537573674606856     
        1038  -6.1531241164834611     
        1039  -6.1525099611785929     
        1040  -6.1525954751210090     
        1041  -6.1527919772108213     
        1042  -6.1530871670063325     
        1043  -6.1542558048834257     
        1044  -6.1541541609518653     
        1045  -6.1534948355197381     
        1046  -6.1530718111172868     
        1047  -6.1529988750371221     
        1048  -6.1529558106401829     
        1049  -6.1526877840466518     
        1050  -6.1533255933485602     
        1051  -6.1534571265297258     
        1052  -6.1531746205388487     
        1053  -6.1534371611581022     
        1054  -6.1539560271005884     
        1055  -6.1536422393853680     
        1056  -6.1536365286680912     
        1057  -6.1536624086754088     
        1058  -6.1538223405636296     
        1059  -6.1537551693006565     
        1060  -6.1530866584674877     
        1061  -6.1529338060402186     
        1062  -6.1529122611523945     
        1063  -6.1526741792963193     
        1064  -6.1536452110860784     
        1065  -6.1542217589298742     
        1066  -6.1535529655365178     
        1067  -6.1538263567527407     
        1068  -6.1543110747430472     
        1069  -6.1538822433389333     
        1070  -6.1537345563572288     
        1071  -6.1529103298695622     
        1072  -6.1531004926857138     
        1073  -6.1531099064598882     
        1074  -6.1532384850751134     
        1075  -6.1531800511044015     
        1076  -6.1531891127527985     
        1077  -6.1532673551267862     
        1078  -6.1528231247201779     
        1079  -6.1536422173516421     
        1080  -6.1535696622416785     
        1081  -6.1542375132461515     
        1082  -6.1546300288355313     
        1083  -6.1548837584924554     
        1084  -6.1545349354184093     
        1085  -6.1540028956846395     
        1086  -6.1548305624976392     
        1087  -6.1541913258878056     
        1088  -6.1539285147393867     
        1089  -6.1536544411317307     
        1090  -6.1527434539338044     
        1091  -6.1535592474320202     
        1092  -6.1540731747099375     
        1093  -6.1533953520636535     
        1094  -6.1538858133448189     
        1095  -6.1546647758736075     
        1096  -6.1542504474134363     
        1097  -6.1543805295149712     
        1098  -6.1538987070822921     
        1099  -6.1537892678087802     
        1100  -6.1542064483755325     
        1101  -6.1533821914949804     
        1102  -6.1534422325852711     
        1103  -6.1535911070792970     
        1104  -6.1534026807576065     
        1105  -6.1530269149898897     
        1106  -6.1533440089774363     
        1107  -6.1528044233837234     
        1108  -6.1527657984177582     
        1109  -6.1531897888930578     
        1110  -6.1542005762469110     
        1111  -6.1546425718661188     
        1112  -6.1548222130239045     
        1113  -6.1549450562486259     
        1114  -6.1552524709440837     
        1115  -6.1551806143644141     
        1116  -6.1556202875881638     
        1117  -6.1553685403580394     
        1118  -6.1546034116997124     
        1119  -6.1551232210232767     
        1120  -6.1546365429721357     
        1121  -6.1546938989036812     
        1122  -6.1547679707461365     
        1123  -6.1547646624072643     
        1124  -6.1549544699782324     
        1125  -6.1561603587920048     
        1126  -6.1560394708590351     
        1127  -6.1565687895035941     
        1128  -6.1564305694524464     
        1129  -6.1564468323293911     
        1130  -6.1574064236640416     
        1131  -6.1569641955970305     
        1132  -6.1568841106043255     
        1133  -6.1566769124364846     
        1134  -6.1565948628168270     
        1135  -6.1569089741458578     
        1136  -6.1568798942228327     
        1137  -6.1570125023115887     
        1138  -6.1573670958470146     
        1139  -6.1566491121711548     
        1140  -6.1569254696500932     
        1141  -6.1566758031920488     
        1142  -6.1566289106162824     
        1143  -6.1564136641730229     
        1144  -6.1568361187428771     
        1145  -6.1561497521209851     
        1146  -6.1555668640628811     
        1147  -6.1555921976412673     
        1148  -6.1549968546288163     
        1149  -6.1550068542594065     
        1150  -6.1551332884503180     
        1151  -6.1545693897744158     
        1152  -6.1546685754852914     
        1153  -6.1545329895792626     
        1154  -6.1546250835604743     
        1155  -6.1542011798178091     
        1156  -6.1543360238891909     
        1157  -6.1547108380740498     
        1158  -6.1552039257572400     
        1159  -6.1558934519292743     
        1160  -6.1560720948279659     
        1161  -6.1559857587408828     
        1162  -6.1556949895649833     
        1163  -6.1559286144987944     
        1164  -6.1548545073104313     
        1165  -6.1546526082988988     
        1166  -6.1540500628777615     
        1167  -6.1540706585399008     
        1168  -6.1534948285673181     
        1169  -6.1537438300082092     
        1170  -6.1534418869972116     
        1171  -6.1541865045181705     
        1172  -6.1538184823401085     
        1173  -6.1541528631327092     
        1174  -6.1552542240481767     
        1175  -6.1550103095388566     
        1176  -6.1549821752290290     
        1177  -6.1549342288749713     
        1178  -6.1547582527516678     
        1179  -6.1549741812291243     
        1180  -6.1544575630400278     
        1181  -6.1536504059489330     
        1182  -6.1536554686824987     
        1183  -6.1535654439822123     
        1184  -6.1540460487168795     
        1185  -6.1539910950562033     
        1186  -6.1537794221642210     
        1187  -6.1537180799999716     
        1188  -6.1540645544174710     
        1189  -6.1536250001511572     
        1190  -6.1538263356315674     
        1191  -6.1542643386748175     
        1192  -6.1537428959217237     
        1193  -6.1540608188790298     
        1194  -6.1537965026075137     
        1195  -6.1538954430655144     
        1196  -6.1541056595890113     
        1197  -6.1532985110301261     
        1198  -6.1528457372181835     
        1199  -6.1534205107446125     
        1200  -6.1537606840741343     
        1201  -6.1534705785053285     
        1202  -6.1535324787507486     
        1203  -6.1540637759794636     
        1204  -6.1550240260667213     
        1205  -6.1546947156966505     
        1206  -6.1543874861260495     
        1207  -6.1537982509970401     
        1208  -6.1543138185664077     
        1209  -6.1544697796126204     
        1210  -6.1542213195812776     
        1211  -6.1539106576545182     
        1212  -6.1538568216864471     
        1213  -6.1540983118253934     
        1214  -6.1543663270254951     
        1215  -6.1536226690835880     
        1216  -6.1537838944477503     
        1217  -6.1537736682688404     
        1218  -6.1547198768284250     
        1219  -6.1544743309244501     
        1220  -6.1544786787588821     
        1221  -6.1545593084437451     
        1222  -6.1545073189761998     
        1223  -6.1543377856708146     
        1224  -6.1544321456560285     
        1225  -6.1540967981464263     
        1226  -6.1542881186778349     
        1227  -6.1542543708023567     
        1228  -6.1552304064279326     
        1229  -6.1554956798982268     
        1230  -6.1556199201351722     
        1231  -6.1546502281498618     
        1232  -6.1543139156319571     
        1233  -6.1546339826878897     
        1234  -6.1547177873030918     
        1235  -6.1544809322428282     
        1236  -6.1550311824994015     
        1237  -6.1550175722797356     
        1238  -6.1542261583127189     
        1239  -6.1543598601410618     
        1240  -6.1542406122028686     
        1241  -6.1548789755437250     
        1242  -6.1547099966433736     
        1243  -6.1542415717150281     
        1244  -6.1539315707614461     
        1245  -6.1538825914426916     
        1246  -6.1533699492487557     
        1247  -6.1534087834708480     
        1248  -6.1537636462901384     
        1249  -6.1539297047101922     
        1250  -6.1541715152232586     
        1251  -6.1546362962775278     
        1252  -6.1550222138302653     
        1253  -6.1550206770156857     
        1254  -6.1554440821142054     
        1255  -6.1556101040776037     
        1256  -6.1551169438706657     
        1257  -6.1549403788746799     
        1258  -6.1548222059480668     
        1259  -6.1556103629112258     
        1260  -6.1561938186131364     
        1261  -6.1564148653343640     
        1262  -6.1556097958692604     
        1263  -6.1563486719810623     
        1264  -6.1563976671179992     
        1265  -6.1560513366274554     
        1266  -6.1557789743460898     
        1267  -6.1545224975502553     
        1268  -6.1549458841803135     
        1269  -6.1547646724180423     
        1270  -6.1548197285309669     
        1271  -6.1547643376918773     
        1272  -6.1546521715468483     
        1273  -6.1545285711477025     
        1274  -6.1552827998457609     
        1275  -6.1562187819614831     
        1276  -6.1565523519060905     
        1277  -6.1562049020555278     
        1278  -6.1560237170507941     
        1279  -6.1558726619553816     
        1280  -6.1564456896035527     
        1281  -6.1565773844122802     
        1282  -6.1565750154387944     
        1283  -6.1568107497578879     
        1284  -6.1568308780256586     
        1285  -6.1564182295074685     
        1286  -6.1560259751305821     
        1287  -6.1556315675469326     
        1288  -6.1555806590493853     
        1289  -6.1556539721079817     
        1290  -6.1556897052017367     
        1291  -6.1562962074820495     
        1292  -6.1557042504789026     
        1293  -6.1552592781584012     
        1294  -6.1557814589995772     
        1295  -6.1552870300061855     
        1296  -6.1560235019579803     
        1297  -6.1557883503800914     
        1298  -6.1543844211272427     
        1299  -6.1548442296188925     
        1300  -6.1551984028185958     
        1301  -6.1559615353350177     
        1302  -6.1557334295989392     
        1303  -6.1557933890587844     
        1304  -6.1556308998099372     
        1305  -6.1555882245839930     
        1306  -6.1545558014005106     
        1307  -6.1543316376338790     
        1308  -6.1547207483856567     
        1309  -6.1550359510297294     
        1310  -6.1554027972797885     
        1311  -6.1559691433848354     
        1312  -6.1560644062281451     
        1313  -6.1565656055562892     
        1314  -6.1557142985900217     
        1315  -6.1555250077909260     
        1316  -6.1556703278814044     
        1317  -6.1559184918651475     
        1318  -6.1565038234327618     
        1319  -6.1565715349033763     
        1320  -6.1564054915608288     
        1321  -6.1562645798430689     
        1322  -6.1557227809346333     
        1323  -6.1561351267448794     
        1324  -6.1559050361631167     
        1325  -6.1556375201668256     
        1326  -6.1558545028362941     
        1327  -6.1564473029787061     
        1328  -6.1563205067545370     
        1329  -6.1556468538215752     
        1330  -6.1555040569696740     
        1331  -6.1558076130181973     
        1332  -6.1561209151668050     
        1333  -6.1556449102928106     
        1334  -6.1558755882983283     
        1335  -6.1563226522323768     
        1336  -6.1564690838876244     
        1337  -6.1566400374509840     
        1338  -6.1566444759639420     
        1339  -6.1562832941568608     
        1340  -6.1563716558491821     
        1341  -6.1565491245989952     
        1342  -6.1564259305644802     
        1343  -6.1572566216670914     
        1344  -6.1580519897273964     
        1345  -6.1576644893097381     
        1346  -6.1578853828748672     
        1347  -6.1580110500286045     
        1348  -6.1581959866158638     
        1349  -6.1581202892157965     
        1350  -6.1576595046311553     
        1351  -6.1569986295471777     
        1352  -6.1561883928706775     
        1353  -6.1566029994165774     
        1354  -6.1568252887027262     
        1355  -6.1576516518995792     
        1356  -6.1576091826769002     
        1357  -6.1572227391350411     
        1358  -6.1568546597099907     
        1359  -6.1566328824210732     
        1360  -6.1560096848527017     
        1361  -6.1554717364365956     
        1362  -6.1554035749063498     
        1363  -6.1563438275491773     
        1364  -6.1565723728865285     
        1365  -6.1563122461638899     
        1366  -6.1561514957984986     
        1367  -6.1567783513436716     
        1368  -6.1576045627738472     
        1369  -6.1571515145620443     
        1370  -6.1564805478051303     
        1371  -6.1562229162292628     
        1372  -6.1565022959192826     
        1373  -6.1574127003796146     
        1374  -6.1578640121370682     
        1375  -6.1572214041208273     
        1376  -6.1576953225600164     
        1377  -6.1575262416091130     
        1378  -6.1562332899972656     
        1379  -6.1566272507431101     
        1380  -6.1564534047759967     
        1381  -6.1565623119892319     
        1382  -6.1559239834760193     
        1383  -6.1560376137026847     
        1384  -6.1560972414607038     
        1385  -6.1564003049168115     
        1386  -6.1564343278678892     
        1387  -6.1561103275383564     
        1388  -6.1564904379904766     
        1389  -6.1566386875073897     
        1390  -6.1563155300784231     
        1391  -6.1555860411234473     
        1392  -6.1547519292299286     
        1393  -6.1556628289093469     
        1394  -6.1556639555763581     
        1395  -6.1558657790876410     
        1396  -6.1558037416661477     
        1397  -6.1558086003576928     
        1398  -6.1559676050693204     
        1399  -6.1554994854971374     
        1400  -6.1552753314385376     
        1401  -6.1555111280700823     
        1402  -6.1557975398482405     
        1403  -6.1566184120490002     
        1404  -6.1567929579443526     
        1405  -6.1571507466249251     
        1406  -6.1570919375453670     
        1407  -6.1574870703710047     
        1408  -6.1576544552121932     
        1409  -6.1575280777393724     
        1410  -6.1564655917835580     
        1411  -6.1569222045143626     
        1412  -6.1564456620166546     
        1413  -6.1566444363707182     
        1414  -6.1566367819280146     
        1415  -6.1564172340287548     
        1416  -6.1567746567759105     
        1417  -6.1568188099629566     
        1418  -6.1566970913769730     
        1419  -6.1563909269187871     
        1420  -6.1563222941793043     
        1421  -6.1566061263084162     
        1422  -6.1568744295712667     
        1423  -6.1565330073745610     
        1424  -6.1556162479299266     
        1425  -6.1552557481495445     
        1426  -6.1562650845635902     
        1427  -6.1561082695886720     
        1428  -6.1571245037612146     
        1429  -6.1572391257265853     
        1430  -6.1569181900373167     
        1431  -6.1570413851709844     
        1432  -6.1568342429115148     
        1433  -6.1571301547996979     
        1434  -6.1573580072326539     
        1435  -6.1575555771199770     
        1436  -6.1576559987576189     
        1437  -6.1578833333605001     
        1438  -6.1577344721869354     
        1439  -6.1579601169713492     
        1440  -6.1577863122904626     
        1441  -6.1575572629548239     
        1442  -6.1574889698541790     
        1443  -6.1564360752805465     
        1444  -6.1558073171566603     
        1445  -6.1558298383435277     
        1446  -6.1562070208109647     
        1447  -6.1568437651432024     
        1448  -6.1576544939100204     
        1449  -6.1575931403887969     
        1450  -6.1576829669012989     
        1451  -6.1572665172518084     
        1452  -6.1571814768783977     
        1453  -6.1566411206695868     
        1454  -6.1569074101021757     
        1455  -6.1566983462049691     
        1456  -6.1566320540974369     
        1457  -6.1562753609306791     
        1458  -6.1564466713012500     
        1459  -6.1571596134299327     
        1460  -6.1577305897908037     
        1461  -6.1579869884198866     
        1462  -6.1576911538127677     
        1463  -6.1570692009505272     
        1464  -6.1571826456431227     
        1465  -6.1572775706883380     
        1466  -6.1577493396533800     
        1467  -6.1570280763110992     
        1468  -6.1573595455961589     
        1469  -6.1568873274832745     
        1470  -6.1572995520933791     
        1471  -6.1584343937275570     
        1472  -6.1583843334598152     
        1473  -6.1581203783655836     
        1474  -6.1579285964689543     
        1475  -6.1572811410329731     
        1476  -6.1570505549455135     
        1477  -6.1572611632478544     
        1478  -6.1572657586461448     
        1479  -6.1570639670786518     
        1480  -6.1570803074495286     
        1481  -6.1566248908184402     
        1482  -6.1568212055657252     
        1483  -6.1566100113075555     
        1484  -6.1572346627666708     
        1485  -6.1577433293664745     
        1486  -6.1575591909427310     
        1487  -6.1574890438878462     
        1488  -6.1570294552743432     
        1489  -6.1568032924490490     
        1490  -6.1565340008308702     
        1491  -6.1571184337789102     
        1492  -6.1574670151336219     
        1493  -6.1574503111911438     
        1494  -6.1572308128006057     
        1495  -6.1575901771082648     
        1496  -6.1577751972981938     
        1497  -6.1574571836661187     
        1498  -6.1579054399746269     
        1499  -6.1579673720665538     
        1500  -6.1572691010699545     
        1501  -6.1568823948803812     
        1502  -6.1561777713583981     
        1503  -6.1556051451280158     
        1504  -6.1560033857844356     
        1505  -6.1555465932508762     
        1506  -6.1551713357328293     
        1507  -6.1555522779427925     
        1508  -6.1550548527921665     
        1509  -6.1549916486338772     
        1510  -6.1553841062188512     
        1511  -6.1558176426370501     
        1512  -6.1559671266999896     
        1513  -6.1563754600303202     
        1514  -6.1563307478561109     
        1515  -6.1562495994428561     
        1516  -6.1561958601715805     
        1517  -6.1556932196061505     
        1518  -6.1557421110441402     
        1519  -6.1556699266384696     
        1520  -6.1565293556173311     
        1521  -6.1560652524499258     
        1522  -6.1563914953346339     
        1523  -6.1573080738917234     
        1524  -6.1570295148150551     
        1525  -6.1571627622568323     
        1526  -6.1572618659768539     
        1527  -6.1571173725889432     
        1528  -6.1567342244737571     
        1529  -6.1570213825257651     
        1530  -6.1573214399656742     
        1531  -6.1569545551999898     
        1532  -6.1579213430426432     
        1533  -6.1581665053652701     
        1534  -6.1585548051363466     
        1535  -6.1578496879473121     
        1536  -6.1582588117657524     
        1537  -6.1585474218268974     
        1538  -6.1588306612291506     
        1539  -6.1584029441346502     
        1540  -6.1585455831664433     
        1541  -6.1585399779072150     
        1542  -6.1592070841257653     
        1543  -6.1587630887827416     
        1544  -6.1586087006548951     
        1545  -6.1583247245192183     
        1546  -6.1582236255138065     
        1547  -6.1580341702283699     
        1548  -6.1585671876169616     
        1549  -6.1586766647267162     
        1550  -6.1587936524965690     
        1551  -6.1587140475942759     
        1552  -6.1581521147154428     
        1553  -6.1575330904399648     
        1554  -6.1577460505480177     
        1555  -6.1574685773558775     
        1556  -6.1570933878896090     
        1557  -6.1573233222961488     
        1558  -6.1574783000680249     
        1559  -6.1581706699536030     
        1560  -6.1571331990682960     
        1561  -6.1569615534612927     
        1562  -6.1574952458899039     
        1563  -6.1576578100767536     
        1564  -6.1574922680976174     
        1565  -6.1580289055685116     
        1566  -6.1585442488649527     
        1567  -6.1586199592386413     
        1568  -6.1596757423798829     
        1569  -6.1586382537056350     
        1570  -6.1582575785531697     
        1571  -6.1579023089071203     
        1572  -6.1576731952264092     
        1573  -6.1576168711003252     
        1574  -6.1572867464267365     
        1575  -6.1579573768897689     
        1576  -6.1584328937999038     
        1577  -6.1585713703256069     
        1578  -6.1587650787399433     
        1579  -6.1592333054492538     
        1580  -6.1592350397213185     
        1581  -6.1595882668715642     
        1582  -6.1597416515657253     
        1583  -6.1601983258447044     
        1584  -6.1596031805378093     
        1585  -6.1591903989973513     
        1586  -6.1595009039212254     
        1587  -6.1591731066431183     
        1588  -6.1589518178058347     
        1589  -6.1586559933510401     
        1590  -6.1579645311127260     
        1591  -6.1582873826502977     
        1592  -6.1582856097987095     
        1593  -6.1579520318329575     
        1594  -6.1580494092920253     
        1595  -6.1577194453798354     
        1596  -6.1581373229825926     
        1597  -6.1585621129215591     
        1598  -6.1590946006427023     
        1599  -6.1591560521571314     
        1600  -6.1589014100741633     
        1601  -6.1585619373729203     
        1602  -6.1576912144404714     
        1603  -6.1578103479774438     
        1604  -6.1582825366961194     
        1605  -6.1576581682849758     
        1606  -6.1579623450396523     
        1607  -6.1578990470176667     
        1608  -6.1577035170720267     
        1609  -6.1578636561645750     
        1610  -6.1586831317956072     
        1611  -6.1584757503761010     
        1612  -6.1585208226263735     
        1613  -6.1585499146435065     
        1614  -6.1579531732360415     
        1615  -6.1583550567482837     
        1616  -6.1581792364543242     
        1617  -6.1581471345838148     
        1618  -6.1585285006937722     
        1619  -6.1585078553664889     
        1620  -6.1587368527732771     
        1621  -6.1585863634730593     
        1622  -6.1578772335196268     
        1623  -6.1580602773286977     
        1624  -6.1577560489988885     
        1625  -6.1583290385989145     
        1626  -6.1576942603362887     
        1627  -6.1574175186314717     
        1628  -6.1571641114350735     
        1629  -6.1574894238567897     
        1630  -6.1579992724720141     
        1631  -6.1570149402450456     
        1632  -6.1574853652073065     
        1633  -6.1580011222834274     
        1634  -6.1575753784810239     
        1635  -6.1569427366523106     
        1636  -6.1569048689877635     
        1637  -6.1565137869964550     
        1638  -6.1565351205191341     
        1639  -6.1565233666508927     
        1640  -6.1565472801455696     
        1641  -6.1569439933333685     
        1642  -6.1571996943898970     
        1643  -6.1570933914069368     
        1644  -6.1573856052222613     
        1645  -6.1571909014535029     
        1646  -6.1577489793003899     
        1647  -6.1573205537197122     
        1648  -6.1568627881291116     
        1649  -6.1567532430143510     
        1650  -6.1568750383768887     
        1651  -6.1568209804268514     
        1652  -6.1568270953993354     
        1653  -6.1564393192636393     
        1654  -6.1562278659005356     
        1655  -6.1558888818646222     
        1656  -6.1551926653787330     
        1657  -6.1553138455485623     
        1658  -6.1551014461019413     
        1659  -6.1554345398509698     
        1660  -6.1558177603460988     
        1661  -6.1559573855514733     
        1662  -6.1554016853675204     
        1663  -6.1555605696158686     
        1664  -6.1563807416544165     
        1665  -6.1562657447259621     
        1666  -6.1562405106823617     
        1667  -6.1571357855997082     
        1668  -6.1560697061413823     
        1669  -6.1567047813624685     
        1670  -6.1562396371037060     
        1671  -6.1560251546670779     
        1672  -6.1564420716859170     
        1673  -6.1559636997149640     
        1674  -6.1558216460802226     
        1675  -6.1553760559537913     
        1676  -6.1559283282912860     
        1677  -6.1560281635727891     
        1678  -6.1568239561907667     
        1679  -6.1568806200198978     
        1680  -6.1572239794090677     
        1681  -6.1568291280301137     
        1682  -6.1576505027617747     
        1683  -6.1578873011477162     
        1684  -6.1584634585677458     
        1685  -6.1587576893020000     
        1686  -6.1587122563852681     
        1687  -6.1586226339580410     
        1688  -6.1578860706506369     
        1689  -6.1578644439405235     
        1690  -6.1583799249150486     
        1691  -6.1586372646749039     
        1692  -6.1580064367003891     
        1693  -6.1576414751659740     
        1694  -6.1572893097930299     
        1695  -6.1572493395191259     
        1696  -6.1573419309222235     
        1697  -6.1567638196292700     
        1698  -6.1575505173537755     
        1699  -6.1570612409319381     
        1700  -6.1577197101153631     
        1701  -6.1576422094374719     
        1702  -6.1578022513108923     
        1703  -6.1578254893106212     
        1704  -6.1571873502416468     
        1705  -6.1572267675658976     
        1706  -6.1570382176200482     
        1707  -6.1575379929617311     
        1708  -6.1574049853669486     
        1709  -6.1579540139569211     
        1710  -6.1578433838887356     
        1711  -6.1580120152582536     
        1712  -6.1586644282268370     
        1713  -6.1575357012887659     
        1714  -6.1583257699497187     
        1715  -6.1577148100695442     
        1716  -6.1572445078740952     
        1717  -6.1572052221783951     
        1718  -6.1572742672671072     
        1719  -6.1575979967975725     
        1720  -6.1580029488349464     
        1721  -6.1583689006447093     
        1722  -6.1588285450668190     
        1723  -6.1590734764662951     
        1724  -6.1586225260960621     
        1725  -6.1582911171620447     
        1726  -6.1587227383255012     
        1727  -6.1581518737129430     
        1728  -6.1577016649432332     
        1729  -6.1576615825145291     
        1730  -6.1572591567261439     
        1731  -6.1567463902572497     
        1732  -6.1567655618134705     
        1733  -6.1573537367460602     
        1734  -6.1583497506160985     
        1735  -6.1576737359463785     
        1736  -6.1577868781035932     
        1737  -6.1572563120310582     
        1738  -6.1572372068193824     
        1739  -6.1575244443873665     
        1740  -6.1574536148485475     
        1741  -6.1580025204271056     
        1742  -6.1577089504371685     
        1743  -6.1582691279080217     
        1744  -6.1575031783081684     
        1745  -6.1574257580202776     
        1746  -6.1572115901492399     
        1747  -6.1569439359664830     
        1748  -6.1570422660852113     
        1749  -6.1575753728095739     
        1750  -6.1577723579508108     
        1751  -6.1581749424572241     
        1752  -6.1577703347061421     
        1753  -6.1582641812499501     
        1754  -6.1581637725897123     
        1755  -6.1581897839697017     
        1756  -6.1593000668464333     
        1757  -6.1583025694251665     
        1758  -6.1582744391335087     
        1759  -6.1588406177151622     
        1760  -6.1591247390977770     
        1761  -6.1594663995771972     
        1762  -6.1590277635791200     
        1763  -6.1588153650575013     
        1764  -6.1577205057224846     
        1765  -6.1577595883151419     
        1766  -6.1581328218614262     
        1767  -6.1585104312924877     
        1768  -6.1581247654733691     
        1769  -6.1587347026857291     
        1770  -6.1583202714558363     
        1771  -6.1584484726309920     
        1772  -6.1581235270624317     
        1773  -6.1583346190113541     
        1774  -6.1586287349125781     
        1775  -6.1582760585543026     
        1776  -6.1577805581422620     
        1777  -6.1577178334215450     
        1778  -6.1573696996074716     
        1779  -6.1574547941669282     
        1780  -6.1576464698608966     
        1781  -6.1575715511974263     
        1782  -6.1580664613209937     
        1783  -6.1576386925933910     
        1784  -6.1575814269905260     
        1785  -6.1571999985992312     
        1786  -6.1579565532519904     
        1787  -6.1583357607882547     
        1788  -6.1577516032042832     
        1789  -6.1584883124057566     
        1790  -6.1583998909866713     
        1791  -6.1586400023678101     
        1792  -6.1582148196070161     
        1793  -6.1589183286914047     
        1794  -6.1584683264064655     
        1795  -6.1587442084089750     
        1796  -6.1586067501541919     
        1797  -6.1588894134264498     
        1798  -6.1589825609692799     
        1799  -6.1581446242579503     
        1800  -6.1583313606000951     
        1801  -6.1587588073770219     
        1802  -6.1593673316186655     
        1803  -6.1591445643887139     
        1804  -6.1591637193566875     
        1805  -6.1596348481370660     
        1806  -6.1587156125610747     
        1807  -6.1581753486364228     
        1808  -6.1579724418974333     
        1809  -6.1580362236073070     
        1810  -6.1577463406459625     
        1811  -6.1576004887365361     
        1812  -6.1572613690720628     
        1813  -6.1571278801117888     
        1814  -6.1569891715078748     
        1815  -6.1572642649703342     
        1816  -6.1572999972201075     
        1817  -6.1573413958356529     
        1818  -6.1571276177617627     
        1819  -6.1576737164918258     
        1820  -6.1580960412390251     
        1821  -6.1585705702644855     
        1822  -6.1587759540216975     
        1823  -6.1586459096620416     
        1824  -6.1594131029897614     
        1825  -6.1596533597896910     
        1826  -6.1596394273105117     
        1827  -6.1600087757543447     
        1828  -6.1597303656056477     
        1829  -6.1597898460417095     
        1830  -6.1601864989328856     
        1831  -6.1598741605351410     
        1832  -6.1603457915292292     
        1833  -6.1609377894900117     
        1834  -6.1607751281730794     
        1835  -6.1605126835815529     
        1836  -6.1599651687849226     
        1837  -6.1596273319945052     
        1838  -6.1590499398083791     
        1839  -6.1586702050243556     
        1840  -6.1586076318136111     
        1841  -6.1580369574904141     
        1842  -6.1575594389588018     
        1843  -6.1577708715769282     
        1844  -6.1578055653982950     
        1845  -6.1581431503784234     
        1846  -6.1580371654260313     
        1847  -6.1582894824980690     
        1848  -6.1579595584713207     
        1849  -6.1584416221609235     
        1850  -6.1576940405154170     
        1851  -6.1573339828236069     
        1852  -6.1572265567514890     
        1853  -6.1577920280661829     
        1854  -6.1579305146001282     
        1855  -6.1585419971080890     
        1856  -6.1584913549665883     
        1857  -6.1584153763406375     
        1858  -6.1572318143491946     
        1859  -6.1573276113235966     
        1860  -6.1577827192259447     
        1861  -6.1579565622910986     
        1862  -6.1588052358499139     
        1863  -6.1591458666678029     
        1864  -6.1586515786051823     
        1865  -6.1580126706600549     
        1866  -6.1577866685267804     
        1867  -6.1576774046725831     
        1868  -6.1575934497461846     
        1869  -6.1579963628160321     
        1870  -6.1583424635247672     
        1871  -6.1582989246083502     
        1872  -6.1586218042009380     
        1873  -6.1591810316542830     
        1874  -6.1592054086372654     
        1875  -6.1590376289010829     
        1876  -6.1589915161139315     
        1877  -6.1590243974256627     
        1878  -6.1592455160065898     
        1879  -6.1587959576472038     
        1880  -6.1588245052898323     
        1881  -6.1596127261402041     
        1882  -6.1597617293273208     
        1883  -6.1594788784936148     
        1884  -6.1595933056556067     
        1885  -6.1590325452521979     
        1886  -6.1584779299709735     
        1887  -6.1592549921769049     
        1888  -6.1593673058256675     
        1889  -6.1598667520569723     
        1890  -6.1600846097749615     
        1891  -6.1602784395888719     
        1892  -6.1600259320011039     
        1893  -6.1612740382641862     
        1894  -6.1605099825049834     
        1895  -6.1609314252152956     
        1896  -6.1600488444911070     
        1897  -6.1596037946511339     
        1898  -6.1592572099229788     
        1899  -6.1590655766179765     
        1900  -6.1596450397867528     
        1901  -6.1591776616487408     
        1902  -6.1593052082627491     
        1903  -6.1598057867083140     
        1904  -6.1596007363407530     
        1905  -6.1600291814113586     
        1906  -6.1598319776073520     
        1907  -6.1593382901532605     
        1908  -6.1589712567233752     
        1909  -6.1592377351752754     
        1910  -6.1599725855533158     
        1911  -6.1597898021656663     
        1912  -6.1595859347281072     
        1913  -6.1597918804853329     
        1914  -6.1599459350616055     
        1915  -6.1602368405536145     
        1916  -6.1601492315751507     
        1917  -6.1604725124246480     
        1918  -6.1608529513637320     
        1919  -6.1607565220566523     
        1920  -6.1604080520169795     
        1921  -6.1599606697189531     
        1922  -6.1604047081693487     
        1923  -6.1601672013873596     
        1924  -6.1603423727644344     
        1925  -6.1603181639506630     
        1926  -6.1602497256526219     
        1927  -6.1605685551691325     
        1928  -6.1599607809363146     
        1929  -6.1597155416779934     
        1930  -6.1593388522686023     
        1931  -6.1589221116876463     
        1932  -6.1590368998730884     
        1933  -6.1592860448588542     
        1934  -6.1590341203912367     
        1935  -6.1580546214379588     
        1936  -6.1579642102750256     
        1937  -6.1581691081278676     
        1938  -6.1583462742259725     
        1939  -6.1583667166654408     
        1940  -6.1582736010940273     
        1941  -6.1589145568866828     
        1942  -6.1585332103929140     
        1943  -6.1582039236457389     
        1944  -6.1580904829912102     
        1945  -6.1592737520641236     
        1946  -6.1590303520863419     
        1947  -6.1593483931259412     
        1948  -6.1599217764280487     
        1949  -6.1611658874586048     
        1950  -6.1614002753702106     
        1951  -6.1608750887527437     
        1952  -6.1605737893464489     
        1953  -6.1599788119231738     
        1954  -6.1599603069914455     
        1955  -6.1602288312062843     
        1956  -6.1605221828643000     
        1957  -6.1601763583154128     
        1958  -6.1602947172732874     
        1959  -6.1601250542329611     
        1960  -6.1600076980999408     
        1961  -6.1601530749917686     
        1962  -6.1606059754941880     
        1963  -6.1603692921501176     
        1964  -6.1606549551541647     
        1965  -6.1608837042082927     
        1966  -6.1605280446637618     
        1967  -6.1606638787541845     
        1968  -6.1601978292394257     
        1969  -6.1599778963374821     
        1970  -6.1594570662695336     
        1971  -6.1594012950386059     
        1972  -6.1592710532928567     
        1973  -6.1588542534834758     
        1974  -6.1586362340982159     
        1975  -6.1591804477601233     
        1976  -6.1592933636673992     
        1977  -6.1598374626678174     
        1978  -6.1599776894603311     
        1979  -6.1599314233374374     
        1980  -6.1600599602334656     
        1981  -6.1601542401248652     
        1982  -6.1597934140964847     
        1983  -6.1592471807281637     
        1984  -6.1589560441134203     
        1985  -6.1582684602712616     
        1986  -6.1584269198775434     
        1987  -6.1589087696708331     
        1988  -6.1592763835220721     
        1989  -6.1601750369445396     
        1990  -6.1602541986964328     
        1991  -6.1600525875227037     
        1992  -6.1600030225970199     
        1993  -6.1601808240213956     
        1994  -6.1598680556572418     
        1995  -6.1598664502222702     
        1996  -6.1589220764987749     
        1997  -6.1582308938356158     
        1998  -6.1570622237393380     
        1999  -6.1571968164266639     
        2000  -6.1578147824826202     
